157499
358473
231158
318
10104
244125
16816
827367
14326
8703
475830
699454
809239
2067097
487201
312
105034
20324
318
61605
66788
93641
39946
4338
277
957566
59991
437850
177740
50774
53277
108327
13159
78443
190986
172970
31718
39760
399027
40703
5454
50860
74246
163009
300
140982
5203
60360
92162
178504
9551
295
38985
43214
780
75276
282521
163630
23410
71113
10001
379
70159
719949
51095
11602
34699
177443
85595
99710
134514
976736
465493
942677
629352
161830
14540
136912
399377
669651
386060
210408
492902
941661
199089
3589
46818
6399
616
184674
144366
143126
6485
18787
432370
441176
12513
50916
175010
113087
120271
15560
1656
19245
34348
9640
43669
38081
113362
288
301
307
131944
111581
154168
97877
263
813366
304
417033
75156
274
2729
12590
71328
189
50912
18723
151234
1464
156334
173226
94691
80285
552189
5878
169041
224963
82215
258343
261071
406384
35069
46026
211492
39177
87344
65426
242898
3297
28282
24135
75894
400721
7289
290
44722
16056
389
17559
4942
1664
202369
281
4467
71994
157037
85804
3899
95336
14642
50076
300
11625
10764
1500
147360
58412
80270
15295
8942
53695
71846
573
46287
34762
299
156382
7790
1855
114438
413618
582773
591327
624462
212636
84213
29207
37948
309
60506
433658
31126
294
32336
304
252
82868
61628
20868
173290
12908
318214
187838
25693
311
227673
308
84157
37044
35030
62257
78427
299
117116
96188
585053
35939
917019
143856
6282
43173
70425
19204
61
175704
118177
137295
88244
87475
52755
40614
19328
20
208300
16045
61700
92748
953933
19744
42083
272152
46659
7966
44849
101118
63084
233820
438361
160644
126051
45786
17571
31233
296
67831
93432
130566
48547
96740
111378
191015
85112
310
118242
1123
15886
584
67110
8161
68538
3590
9767
297998
12901
20700
4292
26893
17776
43708
7974
114013
307
7724
192949
31799
112043
56954
97073
320
560120
465410
16470
210994
28483
124001
58047
5808
56520
122779
147834
308933
65701
250238
71621
9659
17901
280871
147434
17025
145789
210750
142598
27793
38942
100352
157302
95553
44639
37195
12211
62200
294
100698
34
54966
3950
97636
1393
69812
99359
579
59238
2418
425109
25594
90273
41943
209270
478739
203831
1367868
4366
1172363
303886
405709
164080
51614
303
11456
383492
6469
2634
158
222419
113661
46824
50674
26674
302
49431
4386
220482
14071
21971
83196
304
22360
103627
25056
67086
23215
330228
5031
35432
301
118826
45576
4294
12276
44555
101499
25016
71884
40817
60258
30437
71209
8985
29523
86163
42
80325
365843
89965
102597
430889
27466
106098
276
106285
296
50170
552091
1387875
397495
94350
606815
1527774
60680
296247
655229
767992
61032
227338
9057
269560
36618
308
24460
193280
45035
24022
26376
11130
402
131527
39766
62144
250192
38
194520
8734
137577
213774
56622
245463
1450
631629
16159
279598
204032
405522
91571
33209
40271
342555
37767
380266
341139
137863
465674
47630
41068
58571
574398
44218
3876
80835
132209
64339
450570
34827
45122
205576
23435
1426694
199226
9476
826688
1480157
268604
1078370
449132
123910
1040695
182587
77720
110369
13538
147314
994935
354
119811
48602
22757
184153
284984
45367
3574
22300
15115
61408
15181
86267
76905
76354
303
137594
617716
582174
348340
100034
529090
995221
147572
120189
6313
116038
667968
155491
311694
1106924
405786
147195
437240
247686
37868
407853
31914
76343
436152
63521
583112
141703
49258
366894
100803
67166
84361
868105
205999
75865
107813
156324
338544
499800
18576
21098
704362
293595
158134
44036
462709
107366
102464
56512
191274
194980
26216
19023
54327
48110
141490
61024
39993
61491
319384
228980
111177
1801
148791
185899
25655
479429
9247
257987
269187
135696
27302
78306
118735
4089
967326
314024
274732
214634
387980
994673
64112
177309
20019
1346338
53605
25187
114440
1931
76172
29798
2463
45115
775441
209763
905014
1730813
64476
17752
678652
340765
166094
2614
2676594
329285
429543
49046
23306
112633
6263
73589
50978
33018
140918
57149
39486
71446
97331
13257
31078
916769
643555
1182828
235889
187312
58881
191517
81249
10605
2693
41266
4964
38636
412914
55350
68657
337651
40814
285569
163365
30432
37322
80365
53314
304
369721
30098
621783
376263
219219
76011
145850
56667
52236
149049
38741
154839
132325
348300
330755
238754
159379
415420
781870
299494
1267322
293582
22486466
301082
156798
312272
459005
409285
715259
491694
667694
381461
130998
225025
361614
266204
1364267
113048
131906
4698
46670
147983
142426
117457
293
146071
101447
73050
9030
29729
235701
44135
30348
58383
198
56601
8150
61548
3257
40093
115852
90424
5912
31742
9957
199823
4852
1526408
63112
83396
33899
6518
36179
616
2887
122757
33369
6773
6132
34278
6309
94563
55325
27290
21572
183881
1713
65769
597837
158429
24006
4828
310
257788
62582
35400
61664
156191
66123
39923
29383
23815
9001
63417
131388
296
51049
125702
506665
3369
390841
533914
38419
441799
1123056
1346978
309903
23083
247385
554
157994
372574
32526
241117
64433
112295
208677
2084826
3955
24419
823391
383823
4614
63402
1183
954088
13397
499822
443073
258302
10645
32934
229358
20254
696966
264867
46136
395847
366606
1293222
481
72534
304
30345
128948
348863
433495
400649
352175
89812
398385
310
113344
11217
37876
28884
87449
55148
6556
85210
101784
12130
125414
59678
141864
98351
1463125
212621
1856212
158013
297
225480
248522
65642
351736
48845
105007
210029
378828
85760
84451
318510
23913
432084
162359
270589
678978
210084
172802
133500
40615
71614
208269
318039
20839
836177
149885
70477
181535
40574
130354
102115
191102
215229
22851
134126
260547
317856
313789
291105
284560
1776675
26
652119
1047711
669978
712917
258805
95866
396329
242140
20886
190729
300
283660
930222
686294
295570
514438
281941
1146289
1314869
116578
725827
461242
96228
304
281571
132420
185574
302956
141524
183379
104294
180988
287422
107452
235559
161359
236566
219502
14654
155540
234415
239720
369458
54
159574
26678
47007
134837
178959
302
74941
9252
462902
63273
88521
171809
33845
266940
63469
31850
187288
1102
16700
290
406338
55458
19895
13485
166387
26167
64240
259202
105360
11565
536531
38596
30714
74742
699062
551
80131
329696
1041089
180001
349593
118526
229489
30589
103922
281415
60
576418
41335
134920
109052
264988
92605
623569
124051
145455
509237
49506
122048
70109
22353
628582
719786
615650
407925
609032
129254
93592
325110
177205
18059
50279
180262
37522
53102
656721
97070
102487
565291
65329
689119
123907
90105
16855
18351
75798
160385
78661
464992
1657388
14107
10499
335022
225885
698036
212739
69404
101047
39249
123195
5538
31048
13106
225
20613
42366
64760
23439
10454
36139
164273
818671
2907
346217
159646
140925
240560
207944
199756
314
488429
44
31845
68878
136601
143320
253293
224954
74535
512325
428043
87979
90141
85644
35211
13056
171740
347073
54479
28
122158
185706
490335
47929
144705
95725
12278
50230
9892
63939
67053
355340
31355
301806
545350
544837
97970
149635
24859
142857
192846
398896
112212
266517
5694
36414
136205
201192
89410
72775
303
133704
58684
111521
85851
17779
465634
306964
199627
57758
114985
4974
303598
24417
2181
176059
205450
193808
423450
109483
221036
747
8050
285554
151083
670832
244223
206495
115275
198303
377838
87502
190514
3669
131666
145511
636407
14127
510744
166797
230717
270291
109670
230644
26171
50365
40792
302
174888
228453
55176
297
128037
191802
47071
108680
109695
44780
82367
153968
3709
199596
33641
23763
186029
33
325778
53873
41
22440
176666
180164
205280
243616
49829
3007
203084
49334
27
19470
70571
23109
24774
105703
212933
45604
215547
405928
859098
156794
865967
1124177
422301
33
148270
1366726
1531462
15286
121736
241997
10450
5349
316994
346412
1300378
39368
296096
494048
211937
1569226
98214
12656
336661
799700
148118
94858
88352
196680
85145
23247
31631
240835
428433
36577
224989
5556
425187
355134
351238
48618
141531
107566
128317
83796
176577
90258
785803
57180
120690
281250
505244
806062
238476
63650
37120
64613
120554
91482
28
749349
296
264816
45748
410217
57694
396792
641820
51511
163980
81214
357
444211
35899
182993
297007
187281
147507
484843
137025
353
328152
242551
186455
26869
29979
427792
74837
3709
1810
83260
809676
213260
240109
115206
92249
24130
40905
32268
134548
97355
26642
7761
142482
269911
63681
31108
194280
19400
176081
261509
111881
10748
459975
234352
13343
326708
13782
94796
498284
14890
81341
111026
756428
151919
13546
289779
111890
272499
129232
130786
175999
82365
72842
62158
102968
238281
52402
104555
243460
143992
47248
110275
599701
210457
35
256312
27138
34648
9161
66103
336260
231408
22956
20145
249903
284
28673
299
191272
2101427
741291
137767
329
11749
287756
37008
311
3428816
308
37312
424098
17768
34865
41028
569720
94615
19843
33
204772
795931
276026
369296
488475
39325
300315
41195
19793
51709
42045
30045
83418
92440
29
226528
1369407
2009752
41350
20080
332594
209155
46617
104830
752846
296213
26102
17449
553671
14499
741363
31896
41953
677403
484717
298497
94201
180062
783680
702466
1410109
387538
764732
481499
352270
564924
2888
99928
361955
271340
17424
326076
1674
136864
271881
1168059
43664
161900
305083
55261
240721
325214
513876
21823
1042343
55288
798538
754919
722108
234723
40193
65490
18229
4434
35043
30469
76189
300
40526
27219
301
82437
83356
95792
63232
13096
296
36192
12215
5759
7185
20849
57271
3640
48099
55482
7632
11931
255
23133
46306
115549
229561
518981
27269
28212
289
21898
300053
65
366458
310
468741
151754
97979
174368
280428
208369
3960
141308
136885
127666
100213
162112
118894
297
4031
30639
282643
20698
228342
258876
40290
63951
5309
69165
27672
63363
137215
93414
75196
13940
2396
59311
106549
5870
20631
49903
16299
56638
82349
9987
246425
24061
2025
66453
98763
215907
554839
1512447
181767
66230
58650
107990
64658
736344
512122
318501
85200
83451
1069077
16083
910046
1265
94939
28
78556
220838
44877
1148338
51482
321
607539
25366
649286
120873
205373
1404687
31752
24790
146935
100669
265347
215176
215916
375331
434049
239394
710213
280024
1717822
369
684100
303
21186
75209
55669
150836
4176
69585
69565
67929
10495
319168
20013
16049
299
559598
325409
234884
65263
240691
180543
66425
769975
318332
299
31624
63772
103569
132454
176334
99490
282586
279000
53987
18351
78960
5436
180882
327188
88268
33894
10883
87420
506286
55095
210811
249328
30945
182795
519418
403409
245078
37041
23092
251715
16508
37913
3695
36757
6647
90834
21145
329821
66921
299
567
89237
116726
224688
43
66012
41622
52597
270970
303
62325
17267
253868
296
66671
107521
246552
207728
91399
28398
27157
124838
59884
52033
291
60533
207926
26379
244755
308215
326777
277216
67649
931382
79611
124019
1391151
910212
60654
419743
1672234
50006
262675
1484642
518441
289357
84372
570555
596107
518038
34114
682325
4
298453
773176
347
539315
71090
2011845
458206
203964
42424
152623
23918
259159
1375085
150192
148060
35455
69586
101116
109973
340538
298930
167136
16234
869620
57892
409532
29
70081
387210
21425
931087
72982
6387
952747
11726
1960721
573689
140264
551720
48268
961674
166572
167538
10492
312360
572710
22960
1547049
378527
46501
499429
16880
164773
157050
312
145826
76398
10009
129844
45231
54140
390491
1406936
417707
3903
512401
923345
235245
308829
307
343220
17063
204185
69046
2662
80587
121846
5783
91874
14319
23822
33589
51498
12197
46072
15720
23105
1488
21635
132810
331365
60258
65814
47446
207263
212156
40119
4557
43867
1791913
47460
792526
160640
20072
123011
221212
268990
95409
47
34668
19466
75258
188506
11094
1837979
143317
91013
157267
55073
169240
173
3910
65540
107760
527326
24653
89613
260363
54836
68571
17287
70823
46530
3351
47632
79773
84137
1228207
305420
153258
188621
384891
87360
217121
518044
141234
957570
47244
646201
148546
369089
508248
456564
570695
158261
300235
914231
465285
947811
164751
818567
424446
517468
26
17374
118625
637808
185612
362644
42663
473565
263530
50052
31582
4856
179065
134224
1247
74929
98906
32044
8472
22053
39454
633587
267425
76355
86600
59551
571506
787173
272377
280407
192461
1455325
237576
1060
382954
448565
144751
1070763
40605
28035
53265
897816
802579
1043659
335747
41737
2639
260201
74874
50689
49738
391184
435463
486629
199558
37
440076
90305
127327
63213
294474
70071
14161
193582
295
314
54670
105782
60495
198667
144333
712
311
120232
42896
80605
93367
81394
44594
297
20
299
6618
2953
50885
98667
20433
320
3987
24527
3354
239377
27486
66939
989040
348810
459129
51188
29063
311
110663
36246
612
46901
2532
293
5660162
1321619
109748
152161
70039
105066
103662
16774
329271
569993
433697
92548
323217
39834
43644
1326806
332
148606
133730
103109
30585
61425
410284
192438
7221
271978
278138
29750
154490
135734
706761
72548
42369
46931
378031
72419
111783
462703
101208
75788
128872
128578
101562
88562
301
2718
224815
58928
11614
199472
31840
26958
32743
241981
84188
221830
30
289
15849
142169
194510
12751
129029
78684
40542
8406
34
162557
65388
551986
226013
44246
225692
185097
136436
43661
40480
16896
338430
403682
177064
504039
80323
222639
914411
108148
262908
70120
9095
2582
227753
175874
19585
200571
149236
54910
12157
260257
137635
24413
134149
30
83898
38734
170784
20989
1040
59070
85063
16786
80799
53933
32612
45659
4776
22415
155024
66381
200887
25466
169980
356276
254335
340581
226589
248651
233610
1081
65290
87147
265757
1653
17332
136937
36
225326
137268
118960
417
176583
39558
4982
3835
25075
61874
328720
91956
25497
25319
166718
81862
57431
91547
17514
26842
873109
74003
158185
244433
56
281320
451768
1137643
71032
852914
55932
13093
362
63112
7379
84257
276832
536821
1466368
418648
40272
42129
3946
56681
20648
312
8172
91203
15751
16415
4484
162070
3939
55236
578058
110315
102260
9629
36661
1915573
569747
280033
184786
48122
256
28586
2036587
406880
422079
27
66502
470124
129904
57128
31246
952429
922040
1012816
140337
1350415
449692
118281
633995
857876
218810
147247
162822
369770
16916
456522
44441
76125
652509
405779
78246
124900
108724
137321
732980
367509
158631
400014
44973
975382
110858
316987
1210247
439029
29216
307
2294
105495
1646
63135
222799
19202
38856
37953
11041
28491
320
52820
22743
8934
305
55148
12973
133223
1354363
399573
1085742
66113
41
46300
132450
85705
78208
841
765
165241
26
1116453
229478
203162
467636
21406
123805
227020
329561
9618
564118
665017
496384
6945
80950
64546
59587
100470
44365
67515
109649
4093
83543
3373
1092154
9985
51105
164037
127407
15413
65727
239784
33348
31
2786
181021
347128
702791
601384
377633
6097
98129
1014386
29
368682
371140
203177
97579
77931
316057
158905
47870
292219
364885
83205
50
377896
364551
3653
444754
96093
239671
122768
23254
612030
182161
254046
274677
633274
908399
6652
617606
49013
96370
74057
14267
64749
553149
866970
3063257
221760
295292
1669
50186
91402
40166
187793
28989
141460
15219
48929
127044
347316
290
266949
6592
204273
33953
40
1040809
182107
80771
154527
9007
155078
53
249142
151786
95132
578546
575154
104355
533743
619500
47048
17016
2102
218
322997
112118
11162
290366
109983
219059
126190
51853
110979
396839
226302
6946
65995
203891
260
301
72097
38454
20155
219596
152749
43416
393238
40958
48257
144875
291858
210773
610267
61863
263021
20272
137615
40724
413512
9192
302652
31247
64035
119763
107565
834
23918
26
37318
170606
407501
81169
43902
774655
73464
153081
109299
331955
101606
646350
254962
127465
322810
2613312
109009
301
13149
300964
377054
240153
156884
743011
289787
379625
385467
852664
197512
263984
694441
968653
92779
895202
13219
38376
19164
252840
71424
580491
88818
32
189637
18530
7112
59718
67803
346226
230908
80699
124219
361
19784
1111597
859239
700566
196420
74098
166097
233434
4282
230058
475
407388
103527
9078
654319
34215
485766
6054042
11966
609078
104156
14132
183869
335812
55022
742409
625189
10990
30917
273322
311
1059227
392023
460020
790285
16661
205412
331914
62886
51301
307
365142
1013478
100461
180236
205925
113895
213079
36513
299
121600
47716
29732
381647
189643
24775
72270
146574
61530
4710
36084
83059
28697
34654
8909
290
27074
76654
31707
149128
154120
105149
95990
318
234452
133567
10287
29059
420558
15588
28877
140118
228991
322183
223439
113971
91914
46257
895437
35873
33035
384029
140889
24
2530
64776
6376
20537
48582
446948
303
85991
43570
179778
114019
376
91021
18222
687066
113314
289855
152808
1338
4
78804
1316
111386
34106
264997
6666
16512
67632
11157
40625
288
30499
192470
22543
53289
372731
82824
93349
165847
143419
117517
67459
305
77290
25632
1284611
147831
1609346
308043
12861
770086
136170
133083
173395
70672
161988
489991
367543
169537
310
19105
261378
317935
8743
198359
26231
15040
131403
43095
274203
124061
110816
1259401
100721
47
382482
4803
235775
107892
176318
340058
131053
239627
219749
60289
81934
60875
32637
51983
13887
10348
401
155547
118381
57755
29500
160775
181202
86473
5884
64312
120039
293
471520
39877
6391
139138
143063
56317
29516
195168
581257
24919
160956
3700615
486359
167867
34711
40527
236483
66639
71342
20462
71828
451207
457220
608851
77479
162461
42911
192650
751534
231718
9140
179011
59749
57509
1414008
414613
1083925
907671
1133793
676867
153771
65070
403705
318295
441431
10488
701128
430819
102735
720889
175106
36480
2321438
343956
285526
157468
135262
529918
8954
49563
55320
299
606084
55182
299
210194
498801
34780
176772
207919
108914
23656
496781
6988
7671
132458
25752
275665
45656
178849
47306
13725
23568
175024
79010
407339
386291
711026
293205
199507
10342
43332
294629
175647
297
117233
1023148
33325
94583
139695
27114
317
76330
316
312988
524
452083
164232
21859
289479
124327
6785
301
2010540
44521
77492
244375
22469
28
16820
232561
167908
25954
133930
270627
124848
296765
377356
359708
76287
50339
323637
63848
18262
1204
16796
112968
183362
188451
1628
356780
93921
585479
247851
169393
297
132972
182301
80885
98124
166146
269450
25290
99114
154548
183476
255
108
148031
68105
130092
110386
25938
346
28669
164903
828310
70293
24730
183934
44844
31897
360989
56077
108015
4070
320
38594
100125
188529
129926
177942
54417
497664
625326
164289
197275
204300
40218
2499
818575
431614
274061
9817
89320
159895
23198
415937
80673
76787
401279
228270
279532
48060
552828
59022
597536
112681
294
33160
191700
28550
9678
17808
78529
35189
91925
490
41466
74840
82803
137979
93416
237162
270762
186258
153981
30857
222346
303
207704
106686
51581
112601
293070
308
66939
308918
24272
305
233748
105678
149037
143836
302
30240
62324
44769
71032
47680
33
11286
55650
837646
79383
636828
3185688
3338274
118955
446348
234088
50015
212558
163471
56899
1277
311
19255
536
58914
511611
174897
15297
94673
158093
707598
172139
54971
90593
546342
13401
304
289173
199967
1579866
116879
58692
222461
227359
209020
306
10565
7728
14087
118390
146184
143729
295451
218269
119922
744501
98261
5782
169449
171859
94295
248354
217214
552164
172324
98591
13711
85819
321466
87654
93087
4687
101177
567359
882630
136599
632618
441862
403213
272779
61128
258167
11147
83044
36376
46
70355
257068
28943
1285
225652
1664781
92890
1260843
357062
271834
66181
646359
541859
249899
348036
106068
201813
539407
353201
114955
398416
98505
61
1197
141121
270194
163366
12357
672
54417
15012
37542
25765
35574
71679
164837
27933
705009
589741
168358
8150
150877
549412
34323
882086
349146
22335
12833
92569
131847
11845
304
487025
19541
135990
5426
31658
290176
1585965
578107
65657
27041
181424
67458
169331
281145
21524
241351
19585
1015
167465
128735
466445
687956
299
28584
349276
162896
166283
61584
414532
557909
15949
45832
19910
295
1437010
707573
1456024
1232719
86115
759041
255373
944198
29436
115588
55526
202812
33505
306135
189215
306
302859
500000
300862
490077
101694
623098
2279866
1276135
513790
1116180
294
162241
1615150
98810
124059
301617
53682
1586629
803013
87347
74230
55440
1719
54836
18656
311
76655
66181
271234
175941
40444
36866
478475
1221310
641651
300
876274
11335
63259
261942
408540
687761
493232
480255
903104
309
407585
266426
46
605224
521679
115465
36
988694
95512
2275875
483663
1651059
292772
156243
1309907
268
25368
73781
29186
319
2032197
1590284
365099
93787
276982
754689
63334
99413
353038
87192
325053
76308
233106
446304
638544
795256
1446
6111
146505
51607
322619
231341
12768
330647
42814
96620
175045
231437
95316
323499
93171
179849
211862
75423
411274
943680
3423516
440508
1294205
74987
2891244
616663
3429
301996
172884
65412
2208054
840697
47143
35712
37400
133575
551778
89122
81948
34588
193381
23278
83800
313176
412556
184781
157318
436186
6281
108622
1311
43382
37146
313807
2559
240094
22810
80448
34835
47360
235833
86114
705972
277077
201
360741
691043
175657
697694
175713
810136
1680095
552991
393740
16385
52675
5091
10661
57565
120173
15815
2952
42768
90455
47027
33617
1210084
274710
13668
563147
416114
147799
295353
52451
218684
674
35008
11259
626
7704
10059
26110
4225
261207
99464
74479
11870
22381
328469
44998
237869
21704
6670
749499
153953
1924
507963
22075
13639
12932
90239
36002
102997
394359
11439
176952
446420
537132
5221
185264
6849
993114
407783
2216808
824805
1051875
294
214116
29170
974748
1249106
329579
693841
1244997
57126
121399
315231
307
72632
99149
33220
156457
8814
48264
20686
7575
152824
39117
23978
111147
240471
90688
100816
382716
243204
100454
1383
140894
557843
30992
28343
1424
3081
51464
18808
137911
16761
111433
77425
734264
336639
456468
85002
155728
51308
355593
7848
3619
23239
138641
205216
1298102
20715
15650
67906
1090125
83126
184084
67583
278
454966
440119
269090
335814
150019
70006
13762
100178
312285
45982
81734
263
14087
23392
27475
152239
363756
15927
115146
131273
382719
730175
539012
275525
35337
19634
131884
13451
300
46914
29705
269
93417
84151
161647
30475
190632
92088
71735
447270
344860
860
24858
841234
41397
487229
168978
319324
19469
267426
798
201657
92548
256639
542615
133786
245609
26862
68254
69285
72975
41534
23509
97345
54681
81863
44691
82292
255229
16104
321102
170185
62882
211883
88207
52684
215253
86208
56030
27
220258
113777
5756
7536
162732
1127853
126415
91472
158576
90212
34
7875
79345
300
142675
98609
5
24638
27931
322
33119
6319
168158
5029
47145
75684
73642
386394
394946
32980
435467
15493
251025
9648
69545
351899
6657
2092
165529
200453
64745
49773
172262
104568
745606
49024
99451
300
23815
42407
192833
123466
718110
28
424033
1192554
49382
295
134261
84989
2249641
1320239
234373
53034
401665
385205
249855
50434
1007229
366
950442
682430
23944
107582
87517
90696
7199
98591
36322
30591
39231
354951
29614
105732
13389
246330
47217
55616
60273
108865
329717
796916
297
267651
297
45665
23820
21398
199369
17673
15004
75170
153918
187781
135373
98799
74124
260749
159362
164678
315311
323
61734
80654
14666
1750
373193
486433
261022
365524
34094
340681
263530
932427
133012
4867
35196
75724
78243
264827
2324558
512959
109256
260687
315
24110
543032
896505
14974
502658
62516
183460
64032
2178
219714
111119
31
40644
314
296630
220783
19354
82715
22894
108897
777
20422
7031
18254
326567
1023
867838
1457
120617
138312
18589
415824
794921
24407
196354
73099
13019
21071
83067
302
20007404
15911
207257
195890
587343
15912
1406437
921867
495024
324765
43640
497795
44771
34273
28153
145191
396992
313601
8491
91011
204558
605396
140651
358104
126
9948
386429
434775
20816
262752
37
32518
287729
1037904
396544
65992
6680
44300
235686
6632
174689
6659
183476
67801
77847
45133
228722
462841
274573
465607
44574
6653
350445
139412
311028
107970
31709
518621
111809
62004
90327
50009
56940
24168
1853395
767939
1217361
134955
377750
823579
44795
446038
50566
101404
72003
296
209905
4569
80647
306
92014
63761
50509
303
109336
257799
9630
48886
1313
199003
49971
85360
79737
66047
125307
170428
446202
19517
71566
12165
27960
2710
83017
79029
75183
286
98455
116083
3343
57200
57910
3382
24872
295477
16577
27874
29
46895
41506
37675
62988
300
98837
308
58141
92947
211650
60970
47348
5648
84875
8577
10671
383335
413390
74803
94644
1058
165360
296
96906
3277
2173026
3618
84762
296
14598
500955
138007
248837
340377
302020
276961
922431
326023
26262
566844
110263
265681
157394
70212
429467
86887
54819
52228
1187
48977
152508
61544
1347664
827805
187379
22698
4667
51795
82747
15382
25110
10162
79281
18050
297
204647
247712
110183
393668
219319
202617
2507
33913
18599
89374
4233
19330
15812
122316
51727
82114
454120
166498
781967
230312
94425
77465
273938
32007
119942
128794
507340
769273
1890279
203659
11378
37473
428332
3904
70130
65662
259654
2179
11252
113223
25251
3228
60936
45463
211852
20950
34620
309
52710
32538
50648
206810
47200
83746
24660
50095
373450
259671
176763
150419
102418
170392
12452
5790
46231
381963
182892
368614
641341
105943
17709
893524
385623
28681
239003
429219
741987
20256
262477
331807
542007
220685
69893
291175
118594
122958
63651
106513
57474
69036
433861
35366
393908
13257
235890
255116
23925
620
149663
326488
231494
302833
76671
368447
118733
180975
28023
317925
128797
284931
178760
202237
415199
51988
108410
426478
386870
698969
318480
41596
169463
38759
43718
910852
116903
615262
89098
483014
165487
86660
171812
215644
23187
43916
564829
258745
349576
114417
91819
104398
49
104932
303554
284331
40148
70544
40
50599
1140950
286322
288651
442505
782414
638117
4285
136574
67074
65042
8088
3596
73662
260215
110306
67734
116351
31332
5268
139256
252714
112437
151525
117647
157572
71780
87091
56109
50728
81017
77959
597682
32
127301
467391
75493
142296
92554
79199
62160
49580
409181
444966
76438
240435
175311
43393
487437
377708
447106
505803
17915
165532
1720813
265068
172311
357162
108801
950438
358191
264384
248860
920553
105911
2278
142830
299
38522
6594
17257
108375
1302022
202062
106904
306
365749
2117
243974
205829
266882
18915
59562
57630
37429
131225
99877
6911
153418
28493
647
1581
30777
96815
13074
125535
172635
161717
62936
387318
244034
73485
196429
300
96774
1292438
438952
1685881
240788
213681
2173
45309
81712
350152
544882
63105
26525
59978
55242
70
6333
418352
40746
511538
300
918
86233
17147
37589
32418
122142
58907
67074
34226
64241
17594
44089
10211
91951
118620
187967
61
365827
34208
53234
279282
651157
183482
314
398307
357561
38933
330275
36415
200386
156086
315642
11057
7549
21490
63515
63221
20321
39654
77058
223035
163208
205312
86102
211747
438597
74998
26328
289403
457042
163424
191649
86057
286949
895
42639
51732
25252
233961
48089
87932
28648
150012
108196
259893
820665
36980
3108
8936
21116
199087
8921
127934
138747
58115
176556
60984
11389
20282
105701
227657
1185
106822
84812
38893
117470
93384
44655
123223
21650
289223
458874
65683
296
38815
155341
152537
36768
20282
378055
246683
3684
4447
78819
233954
38960
8710
66318
7433
80163
49
3267
83335
44835
32716
132326
124664
57631
287669
86043
663464
584466
12371
28758
55497
215700
145314
6
272
210786
24005
31
54278
28996
134614
74438
8737
36222
56817
34791
167653
60452
313
26722
16772
3647
4165
24754
80875
113977
106977
41820
69473
60813
11626
351237
310811
305
17790
2931
79108
53326
153356
85704
31641
104837
165169
17835
129552
52916
58070
312
27170
82643
290567
292
296
176038
336369
16561
112196
18060
553629
38203
1167736
37981
13067590
58258
16326
71776
123361
9482
10019
68451
41036
1292495
95059
48943
662147
494440
70023
47735
234294
34059
56093
67507
297
61881
217049
461008
1776848
176421
135627
11502
15676
3063
18428
47
57310
21338
18382
46742
37365
57330
64453
346412
71656
160237
14213
184389
399481
61806
58242
131995
372498
676057
18491
253871
358678
23138
271299
122702
377586
108687
493494
432685
170274
12351
180449
46171
292
223650
64681
706405
34174
823966
196177
585210
88842
33967
159901
497338
299449
9061
286243
436646
101415
324677
46853
411755
7972
307643
3307
55872
44501
772446
376838
302
262631
320556
68076
131352
338599
75692
14115
59559
57569
28
58314
309
20949
18748
43823
325
40555
282962
12826
134451
317
2541
62876
22608
911
103403
24790
61134
7525
16440
72335
13653
15490
20159
77805
10900
5341
118236
20482
378759
54467
191377
80495
85795
302
236202
38515
19495
12972
116704
152482
211
44493
288332
228320
111146
90308
45852
5278
30
42756
305
80610
20927
626
104695
1168210
756
77487
67218
95740
342109
52196
147131
298
97080
176048
460006
933918
75213
173762
294
13982
29081
111562
69862
51309
101723
19122
45827
45718
75165
352245
313
22435
44944
42621
191318
703892
563995
280776
161174
172101
422096
277977
390236
6771
594302
688113
409710
470308
30
34141
107882
394623
377691
294
506608
2262617
591190
598123
233236
192476
2382043
60965
663565
227205
167054
339129
156705
9959
318
38209
1497873
103683
38000
64457
278535
5590
87795
5339
85837
30920
35208
3291
74712
131607
300
95104
593773
16487
199907
161802
177003
139074
206670
131784
16684
555486
9658
25530
168384
249496
147550
273407
43679
14978
73726
597899
313
26114
132537
371997
92208
66335
170708
230678
828679
269987
18151
75678
68436
336773
182217
25634
315
36981
128192
145097
18163
596436
128757
623823
228358
449712
215527
86454
410598
455636
1095453
798666
159036
104452
527696
258866
1396755
357146
297
366442
41801
4571
635651
296
17228
41784
222513
392450
385124
56929
266792
416359
101880
178184
61515
330156
29874
1912
218630
122078
989184
44615
303369
375838
664098
443853
4381029
36257
282522
26682
573277
123602
121361
11681
57582
26453
23198
303
39046
216440
84631
175810
19647
99765
200785
19518
265064
17024
125
43442
209960
51556
48233
53604
186819
52
4383
35360
42780
26482
127159
26822
311
47562
27640
203842
45778
23465
91033
287
9466
382
121158
27928
309
302
39225
43320
298
2729
37564
71235
171402
93481
436750
61591
73248
10207
285
11719
383
83654
23465
68596
23074
102876
7795
67265
66228
47082
152047
74430
302
50002
54866
241419
21193
61233
511141
86425
561024
402389
111502
461241
14965
68679
160773
44169
30919
36002
299
10469
90
18232
97813
81222
105104
421950
63359
150280
354021
12867
166108
47613
181758
99352
10140
5442
11751
185665
300
27848
220118
17275
43616
685995
359766
185281
108716
129001
58163
22517
329
140038
140796
58572
20820
141478
39044
18148
57263
453
133127
101890
62752
36032
207366
18415
51257
132194
8756
477390
52795
596950
43078
64853
76112
168242
17584
21681
425609
45279
74936
50220
123456
112245
87703
77928
55276
63
604255
391806
2838
7903
186
1402
2115
113790
28
6101
89112
16164
9013
34827
127052
1980
15158
131170
11406
30764
144968
297
88295
14007
35138
179392
93298
299575
57949
89711
35627
7242
615
109968
306
109590
17129
217670
521849
8098
295
10781
308
1645
152557
25336
14390
73538
11727
91923
288
426554
28113
57644
297146
487235
5919
239944
233524
98393
297
3828
50328
302
215442
304162
259673
112875
49643
89139
22016
56280
172525
53121
136594
42618
54962
187863
304
57214
278816
1822076
627400
456124
475896
474300
816221
249944
440422
39253
296
10602
337
95504
209052
99289
490237
302095
35038
9400
63268
234136
29744
19098
110809
307
191010
4871
99887
48327
78368
8262
195430
21028
1255
213659
34420
88906
41002
100240
10468
77904
40327
292
45055
214271
88999
3173
4305
88222
79599
92770
2642
25983
1254
6764
65542
25888
75756
272322
46751
158058
17194
144335
112680
277126
21820
10666
85299
14288
33444
315
9468
36346
83245
5865
65836
8980
116149
108859
296
66629
53379
20107
42486
7794
89181
129502
256190
15352
4907
142120
398153
218275
420366
95596
51421
26999
10294
73864
66819
159767
172811
17109
99522
76453
9116
520710
308
427002
213462
51228
246502
101369
508686
211471
104539
97368
120855
42572
52271
844
135805
225204
33659
452192
678118
359636
1316533
179614
758081
889881
665975
16782
631074
1186047
168363
3213
4078
138886
89442
111408
585
40735
64523
298
140720
265
122044
16659
33928
4147
1692
304
7471
51989
301
298
23985
13001
95649
215305
412491
45962
444633
419797
226813
506531
123909
238154
34
1165877
64384
29253
493643
541581
199659
668
566017
56036
212584
88806
200281
168020
260743
52007
129744
111411
64661
220279
11360
82010
1101712
91151
589511
290
349615
23837
188875
179546
45842
68555
204489
11846
241312
207975
158021
15134
880236
223839
564974
573001
14058
360710
143538
226648
91518
441328
573593
148268
26
118440
44356
47480
108149
286116
122788
54106
42070
105515
13730
4
3687
201735
739485
1272242
213123
395157
98333
135532
74268
66476
256926
281374
352037
156438
164636
790588
9287
18070
27826
6307737
504050
18260
9686
10270
41616
196875
3553
20568
49721
31189
88709
416
297
214523
520953
54414
79617
11450
194226
279686
110404
30776
323
13474
45602
37112
8168
986
180184
157283
80607
4170
107384
20842
114600
142018
438032
382214
196336
468015
391505
274882
32430
5977
226234
207792
15020
400852
85917
648136
1225635
62514
147663
477064
1009223
825471
46329
119053
446466
50526
1500967
262172
109468
998279
10413
14323
72393
310063
50988
75468
1853
24040
25008
83180
41735
628251
82026
76380
119912
52502
582572
789162
227285
22818
36642
317641
615
1010116
88750
302154
502129
395562
409076
34108
441732
1311886
233317
519978
1050962
631220
123188
88444
7467
176381
657668
203666
1208399
77354
640080
2161
113347
63212
90340
225399
307113
45491
101830
413163
995
68865
134414
32364
79554
59588
39305
175850
28404
38637
22239
107507
482472
905809
297685
832919
155391
490383
157301
171632
171054
25980
363315
353824
637737
1441755
141370
134062
76087
41814
133221
29399
494511
203353
397821
254096
62591
54889
8598
12630
147108
558347
932432
112086
5568
499197
183854
63811
201739
26341
141177
64183
446515
130871
35493
1
108600
93566
588092
72915
1492938
51
71118
28834
1275905
885913
954356
238344
672794
96005
519454
741991
1296829
392365
1497550
154731
408720
1822313
110621
1877317
251058
355573
232342
322668
19769
319
9958
386492
249042
6929
28481
74322
107895
399614
106661
195010
112897
100551
91400
58250
136774
104130
156512
36385
55723
39523
225806
313
8937
86136
353290
215887
130174
111732
49267
14462
26211
38900
55940
9284
99906
13342
177882
393762
55229
2300
437874
5
179517
13692
808212
8190
3338
158740
206309
154854
32894
2940
61465
20758
230247
72778
13124
145359
90529
44487
27951
86381
33
41041
94657
35146
87048
90772
140053
510
56314
37113
30135
165488
363978
487677
29021
54405
67118
64631
216380
42108
14685
355
199668
93992
89840
43739
168305
60472
54655
312605
76186
105096
27413
26614
16591
64166
79686
54351
3415
32681
99415
52416
120948
227847
625088
98900
73561
115878
9139
2221
12885
311
63437
48342
28554
44820
7537
160663
26461
39774
67102
2584
181439
38962
293322
56052
298
1353
83489
149358
19455
307
288
9245
51683
38806
83148
306
184318
232357
8207
122153
395224
149156
315
263977
558
43868
869711
301
115225
143056
30087
141861
329386
8719
9204
32055
88740
49593
105196
370960
310
167922
59214
56652
80776
305949
262120
116788
38596
168059
307
50230
25442
172590
40089
54368
59472
53542
138151
13342
347079
310380
198985
92579
1868073
35535
1115532
4380055
468458
421658
316026
146182
402062
27934
88857
140442
422326
158286
1005040
57
146827
20162
285618
34598
36485
5
409376
94590
106481
68527
75746
276971
114138
294
50042
464769
346
223581
42713
2545
309
24004
31802
59375
138645
62716
124473
204518
446561
72200
120978
19830
2044
66076
380597
294935
60616
378827
104721
15349
35950
341138
117292
304
224711
233606
69542
110569
151433
80942
84284
54563
369608
45663
136798
44707
69676
11541
152373
71375
800552
54642
163675
9230
96493
185865
28899
296
355
17158
33082
71280
61033
37481
111906
312
61613
54300
305571
61871
12725
17961
4865
4
614
181851
333571
18121
24495
306
85389
51006
13855
272691
102005
567861
155107
281598
46760
30628
60844
73517
93244
598620
212416
72611
227223
18196
292
38336
17949
293
178112
10619
43870
269170
58388
3376
301
60694
217044
18487
327
354976
599
154746
29829
311
31844
110342
249775
114595
41631
58791
313
289
48813
153941
34868
18649
149022
269356
321
188279
226302
26320
46
2245
148180
463471
39
292
159268
43270
243182
20812
358826
45570
46733
41636
140254
4755
135626
50980
100638
171556
129911
2409
110946
67403
313898
18678
305
186397
611983
95071
202146
59022
331881
308
32887
318
246
24596
669961
299
291
162574
330826
39533
19888
76031
59826
318172
97066
37119
928694
305
130494
242729
14816
293
261034
406869
369547
550142
35201
7673
76455
2786
44971
31403
175049
50434
375281
61147
161748
308
42963
317
49
10002
6280
84936
156844
47199
13386
301137
1466489
1486167
53179
208617
802297
357977
130925
2990721
388248
399440
284004
488585
280420
127562
70519
68919
75771
78437
304691
64329
148877
48858
301
987841
516068
159904
2744978
26231
196460
47778
37485
139066
347825
174532
868483
737425
11487
59903
398845
125296
186689
624419
329406
383431
250941
152878
162068
308058
21129
45275
444372
340792
976537
1239201
123645
6024
50005
24733
45034
91739
101835
134869
28196
7730
441726
121229
293
66889
446976
93053
206479
141173
7062
61547
89557
30572
73558
68029
300
28424
9973
12249
20823
1015619
16480
40268
9118
3501
74533
122865
308388
207720
87804
36280
34950
105598
274927
231739
388048
935814
398
154101
206237
1090777
210838
100249
7211
62938
7867
260082
162274
212104
315983
628855
406750
2880132
285
17307
16001
13260
48458
86429
27903
301
10446
170477
245954
407409
741715
35
27612
28815
77507
112478
113842
70442
7674
25060
101400
43919
4927
23949
186668
225430
537464
781202
1206977
56895
72457
25770
78410
24471
33363
12135
296
295
127932
283246
130212
358223
75047
150457
41639
3931
417793
305
15028
55318
156731
47119
134728
177359
939534
47688
387991
126919
28645
26
689475
250413
3223
429918
87488
18472
66
33079
111792
31
453224
299834
306
303998
705212
435679
90227
817184
1101673
224083
296
1044837
119407
238323
82551
89954
55459
6905
110703
188580
400
33737
94462
665425
47690
23306
108505
46828
241005
224070
44366
979532
594786
291
175955
3139365
119685
38087
20833
206322
17321
141595
125828
138333
10790
17060
31579
14758
36554
35289
134838
334019
234910
65805
240885
82229
156700
254873
90171
1136
68815
328382
226088
92681
14856
640743
106686
98635
55961
127301
44
72207
40431
73726
29465
250429
69834
963202
848185
819262
134594
1044922
289
7999
212694
398370
82150
9712
56689
16724
67257
81266
33303
7648
49441
682639
1183453
250804
171662
205299
319909
2640
40140
185747
11526
213839
62713
48103
23755
4626
4622
4623
4625
147009
75799
370996
68180
15813
115879
13777
342696
46
1463558
34
1071356
1202795
129024
411165
75472
347507
1205015
363149
315895
778252
259241
171936
384349
130525
1587344
237082
4241
297
235146
10751
204568
68305
298
82568
153591
18192
240900
150566
381
94433
110924
213248
68147
150869
9379
8235
97
31997
169902
16
81660
100446
360211
32560
16
109648
40327
124845
97
8230
486996
86258
67276
1677947
1183263
345995
309
141852
37282
310
2230214
311
1104607
369459
534151
134901
226380
288
60899
69999
24820
208431
21438
302
774585
42
676245
189784
348438
150586
51644
16636
364
4288
96524
26160
111191
27344
260198
60019
317993
24346
148330
10270
593647
283589
260
2419
19388
186054
26113
209076
568053
432124
36
124343
115374
146846
530450
1077605
732697
287
163200
83396
849818
1388733
892407
321198
150059
600686
756277
143359
228701
122399
221398
270895
204678
79233
97
8191
111511
73951
84690
11107
266
109162
172738
8523
380163
563967
382319
3519
115419
24104
18067
42021
1106513
17359
231154
95574
628672
1016889
73498
261883
651835
280166
146508
53115
218435
305542
60
347178
69028
369019
79166
16797
111878
52121
62527
521833
492164
104346
433706
60963
13560
450
4338
1245463
432738
94308
372575
374589
40445
732375
1014359
749929
145315
253121
82401
10740
29006
152524
172080
62267
26446
135942
17767
129472
43904
96439
12091
963
576
843858
792916
311793
221282
138093
69454
468086
302375
925741
410602
646935
471762
306079
662147
125945
101061
8347
56193
73335
82749
82111
50079
121880
262676
299
143759
1060932
644
338552
14328
380942
1003126
979708
432268
1013180
415433
33054
712366
1167595
295333
461814
333363
505003
19530
176930
645174
1717000
487519
29946
481810
63570
1370
33550
125256
751779
1361333
178290
11547
100024
25366
169915
311931
394384
16932
272643
49029
256148
116214
171166
2075
848318
2960
163181
170488
1083501
1101741
43
1017239
297
205303
232517
64831
22571
10681
343401
484453
45
166510
73360
2550
523
244365
133817
2551
281492
6168
146689
23976
110909
286800
249183
433102
640500
876151
1049044
66027
610702
456682
144019
4037
312
300612
464090
286565
109626
129320
670168
1532
141706
1203306
222764
402340
305955
271956
61438
143485
30579
756298
35890
102199
217113
75481
14322
20252
26215
24561
85184
34263
345488
12821
27452
39528
52
13144
53409
162421
26254
233329
22141
3904
44194
5231
80835
49633
133544
20049
61384
272811
13268
237861
142254
109147
4747
235273
76351
571712
53969
449273
311
100721
119704
224556
1895050
85205
179292
260300
25915
18260
19139
22363
42895
13769
182546
101076
122219
146730
409674
867471
56867
1662500
319994
1684816
4535
1079
55196
99420
571033
78474
118387
55518
193768
925451
689436
29
430350
15948
34246
231387
55471
3543
12419
72484
568961
1373326
802393
277288
234035
36631
183505
155221
326105
491420
115684
282288
301103
376303
222527
11653
829742
746639
1625130
541908
33
52814
242237
63304
28320
130185
202202
55135
93672
4316
18337
322390
34552
4201
88824
62655
27796
122673
626640
126691
62274
555237
436890
17353
398300
147350
115415
67636
63078
121392
27169
401809
23516
51137
34705
5664
249814
479231
308357
65932
296781
55473
298
58186
16599
116767
146920
6993
30400
138963
28250
293
41348
155484
31332
3397
1407
88003
168042
160515
237884
36465
126752
626696
358882
164705
256900
481673
96661
35796
23226
80612
41349
405080
1711
9330
38
131312
50273
448873
116343
158790
302404
59737
311168
74303
1174402
15569
290780
82260
319723
537850
597460
1198577
450272
808526
42191
928925
472615
1331
37940
24179
285445
81883
53282
97384
442075
64039
49931
111969
70309
2641
54845
297624
224808
299360
1171536
15159
42839
30043
4966
1197
27063
278093
185201
146105
12133
242668
227783
117788
221663
142560
46
2295923
22860
90599
14018
296
1018424
140419
422526
349110
2696760
302566
7442
228191
1014208
693946
25888
101245
183313
68127
303
151416
43801
297877
236016
2603
318115
370606
225760
209419
2
229203
381423
134757
300
181081
57590
280386
629718
788737
312
930021
674204
846863
566554
75125
41696
114131
28851
15316
299
110073
101722
301
172218
249705
237663
9252
6980
142965
308309
286952
912836
113376
166829
111870
79261
118417
187013
419167
1023997
16114
42587
28085
181600
4021
7134
169565
44371
2682
161339
300
13302
4314
302
17720
8086
25322
36
56429
156327
49749
41907
106743
2451
14383
376774
56404
305
34712
63728
382185
183719
71103
334875
15780
160837
6515
354088
44524
40797
76204
19678
13887
90796
209130
18478
1072
75602
6530
320808
1561959
247776
26182
762464
74327
26475
395852
734
77745
14642
438784
302597
180354
272798
321274
64183
26
220876
939155
68235
119595
883303
418
69183
49798
226547
156304
572314
288321
1197842
231615
796871
698956
278445
587814
642207
532393
357068
179021
272604
173500
74700
193296
152391
266565
1430
1214651
530260
137561
297
316512
168939
81515
462756
136761
61580
464731
447870
312
309
91774
121496
2938924
2650
501910
394170
856127
45829
133860
830969
50374
1200
137010
97123
46215
7183
300
121266
118631
4294
48372
36
48259
84965
163161
4720
8451
19444
336333
81979
163160
1389
324636
134414
139765
131768
16021
98424
297
9911
15539
3751
40631
10996
141487
119191
232807
369459
25583
90031
36294
11202
104163
129047
288
198969
59009
186707
470
292
105206
25129
52209
121318
124330
15156
176297
27852
190232
158151
146524
15155
29197
30986
56577
83042
20651
170682
308
83130
54160
24017
111597
327272
197984
217517
574
219354
36041
35161
151455
77597
297
123655
46117
43089
37621
277
164412
48299
605226
48
695655
619041
100285
273021
29582
112963
130143
85353
15681
272
647192
33
482716
32002
4402
110003
28011
399384
50130
264
94124
15504
101154
15015
145002
356
585038
64156
54741
188865
202372
1
127153
147982
182859
166163
230295
13365
122124
101768
30832
723859
239614
50912
129012
124625
44880
310
66232
38491
12253
143264
477419
452667
217755
101098
473768
27
264450
64709
95732
82627
66337
313
54869
1152
140056
162395
262048
29975
313
14883
167860
153203
44593
144103
420758
841098
1127177
236534
46054
879457
68546
1256938
180664
270336
6698
171792
302834
355635
157634
13979
612587
271935
406405
125711
53601
96764
783808
70187
1555213
515595
1758034
1881
123388
189313
35018
85098
35018
125135
224
208043
88898
310124
88898
326804
381482
115989
126241
77778
389535
182796
348167
308
373279
716690
72749
218567
3360111
19615
25942
9275
591490
919066
92630
25473
168804
330277
46632
112043
463928
1345563
14790
33198
434856
878572
187996
447292
417839
40112
763138
87756
70571
906540
38650
786
551539
537770
2369691
290110
29886
83800
238019
28917
149380
303
356
575821
313691
427000
754568
509058
29845
54191
115907
82631
400193
847823
35481
434770
66712
257039
113505
661886
314361
78242
1506
4911
52099
72232
134908
134124
35952
76101
25392
110347
5567
242494
422978
65720
701411
39313
1993920
8867
199705
134768
64571
772161
542540
19904
529600
304
334453
154582
46672
36906
50342
110084
63695
83991
248246
114890
365480
276912
1385143
1049823
5378
132446
367164
224
87938
121495
136761
222032
1149052
514483
151519
366227
34078
59381
31357
293384
302
280185
527802
1141811
3200156
706190
361148
312
348251
47960
146006
80641
31332
78526
28682
4945
313828
628470
7588
377844
22734
3222
138325
103434
13516
7593
22646
79254
26853
38176
92984
149802
811043
46137
306750
67518
34278
104631
336948
144415
7606
102061
13877
82498
549
91714
100283
309
580826
3
322159
307624
638054
99100
151949
348715
70087
445584
64
353181
1
248407
150942
481672
261149
120594
165011
834149
431798
247069
119292
9024
347359
214782
274150
28312
4139
48511
198297
39117
9482
265003
5031
30293
7158
352127
126006
624
77830
52078
99359
46202
3904
7344
59234
212190
175326
50482
113088
142533
69450
2591
1
1
16084
7745
99609
222912
300
1370
51734
13330
128627
64000
239678
72619
73092
13357
25980
178555
419383
300859
45228
85294
48138
92839
349401
27134
68894
1464657
198932
288962
300531
168292
1199831
185456
93369
194934
573989
24690
69705
75025
232321
65386
100491
603015
300
173205
94374
31459
265
22375
123474
14097
60377
69777
60872
13552
28
43314
25907
1018
309
321
81130
299
74071
14478
88315
224
130212
25783
53847
90849
312
263392
583
167179
16661
291
436
7877
35617
21700
95700
594
31888
208895
198844
221817
131553
496063
281656
86015
308957
484046
655640
2286
392637
133779
180039
170916
118575
124560
274
229159
43619
34591
161089
12447
212763
107308
3150085
489174
334824
858872
898890
423729
115462
314002
323
1033051
217024
39498
95826
19683
48948
214036
269760
2493
73901
57913
164657
10680
2979612
87820
202367
16359
384141
368177
67914
31192
210705
157166
98920
78215
118988
77009
76153
11592
800157
184958
29303
140606
387221
359147
311840
92844
51842
20271
8032
130784
27886
205601
275347
816158
125199
203413
242229
320455
50935
239458
73221
44304
13854
20200
156536
93527
45381
8451
8930
164527
280
31521
340849
275627
1206641
1758654
649613
1375315
80733
226123
600549
796045
136883
46358
148591
115087
11402
18789
62773
68267
128422
1780044
177485
1455637
156883
183908
50225
14395
1531198
194873
153668
192079
63194
637482
721508
8546
286664
110343
114392
76753
15080
8437
102356
222241
20836
117745
188791
27577
46677
314
70592
13189
198688
16149
65009
15939
214764
98602
58972
49917
101390
227517
25291
928800
14734
1603053
685373
37173
104251
212030
640321
155713
137646
169941
10407
17523
585955
44087
196616
68593
110213
57339
156569
544953
141804
680362
50659
40301
10248
15646
19399
50518
45558
343941
224418
96838
11807
601411
860410
55074
836816
1504
66802
143989
12971
369374
173468
198328
166784
306
422
300880
4713
200578
496363
199416
33817
16771
63332
296
175449
18530
122189
288
41111
294
155576
193708
2485
17349
58868
15892
1246
36761
20705
104858
15942
5877
51079
102206
85685
221359
82306
75345
1561
10574
53181
194368
102722
59826
308
298
311
8099
75199
83171
303
17196
250008
10910
4757
172023
11529
87110
174190
66737
8590
336
130595
41631
78043
308
488036
64841
28555
9325
39106
2614
156403
45173
187482
222855
86650
123921
25375
20694
128367
32072
355540
57883
371631
55652
122605
10032
299289
289
74809
184625
10073
21674
19745
70925
99686
320535
354917
347232
850616
852473
52575
254315
147977
111955
199234
40947
56793
52567
64272
70158
152236
288
50308
45450
42585
11361
191991
2721
36459
19427
3109
8872
457110
294
765195
1079781
140215
215541
890509
116232
296
616398
105298
17590
135072
185942
1767685
81006
303463
359036
315284
313183
166908
90384
62405
37615
7294
438298
2934
296404
1333912
1074331
8890
19500
29498
94482
401468
103046
2287
1160584
321536
115642
99880
298
209614
381366
286980
13810
39448
261094
162236
307
674970
1315092
210258
355794
814225
1036249
965129
369417
839568
143278
651421
754069
51260
209243
267038
25210
1157493
510177
304567
436722
694330
436815
359690
340994
96755
1735920
31587
571086
1122014
45552
709382
27340
1748
17963
1148806
2591959
64203
351809
1038226
587855
460571
409158
3219233
23728
624
88602
468002
348290
129204
14579
40034
84088
42989
7375
233868
41077
74837
10267
45568
8805
683280
962435
31
224304
488648
294169
290962
331839
992399
315448
1117946
136049
107103
1497955
14810
310
110597
1332488
601129
442101
60662
42756
1128929
98592
5536
112867
502624
815
86506
53491
89650
253728
11206
1971512
800749
541197
325478
811185
262796
570293
20497
69731
149006
120428
125456
30381
13882
122394
123814
1324307
53896
704543
34483
4370
7578
49044
146752
7702
164350
13937
113626
27582
120558
102164
107168
147579
3795
56838
186694
294
922342
481760
113388
36406
133604
143633
167504
152385
18946
387500
382370
111292
26262
38381
2219
673510
792863
26322
106972
333220
49605
10662
52872
78540
44706
94561
297
21926
89335
94889
306
383527
190819
21730
19545
43193
32623
772341
825223
41827
431117
320184
22690
300
78573
135211
309070
418387
38937
295345
13786
16689
248459
324716
1413945
4281
276258
184503
18540
234087
135117
182149
111921
14908
63355
13083
172359
126965
58767
1028869
132702
329008
61837
11098
23214
15831
129005
402988
285108
663382
310534
434334
43136
237369
39130
335466
4001
254061
87563
54632
227423
126634
7208
3231
107639
78320
242432
28009
136523
1078303
2110818
1190540
40104
334243
17912
132516
115419
57828
689778
83916
303064
15443
81463
276624
162918
73607
558790
143536
87100
14990
55317
309934
797348
315191
74331
466551
173070
279812
1739121
91237
610710
199237
61549
303
57724
1061073
246138
70263
805762
331799
283393
128688
574263
637217
163851
105695
85342
22012
141576
48406
15329
22290
514087
4287
35085
348674
1199953
1186178
1359916
267307
381819
1380704
379811
35488
84437
1458148
91380
115840
52137
468383
60666
338059
994898
916511
322553
97216
468283
21395
384315
535226
92569
51770
662365
26350
35
487763
35938
206432
867301
388214
138633
135867
31
6798
29566
86568
455780
274977
484878
176483
336925
6384
202225
1139
188441
211518
192577
1003378
695909
187891
27686
25
529454
330996
98667
16846
146310
74111
28557
8131
573204
43508
121508
40292
36819
36847
149279
248627
143562
474749
18808
366106
18671
161698
33869
25020
145902
1414548
438464
761809
146746
1554955
166099
289
505626
126651
108868
54311
542390
72311
79178
422354
489
19900
467420
116020
371600
637147
70636
147321
608836
36191
290
138630
23846
524704
22347
60123
129248
90921
88835
6934
11051
117939
179073
10252
6927
110182
322
161571
59590
37367
90764
12642
315
20940
333228
134934
157359
164959
310
342614
6926
217949
69443
19231
87428
173527
10104
315
572137
106867
447788
160719
18694
102716
240043
81315
96407
29
106353
17506
4577
300
161046
46536
97964
100472
250905
123233
733432
266513
232394
2124
117139
110764
811807
618361
368828
96422
25913
24441
148245
79652
13534
850964
91810
31430
545190
529776
19530
531801
984686
278030
398035
3943
41814
388298
464190
1368416
1130621
662257
1743941
200155
284320
3394
1356338
658597
5978
674264
104960
684506
349223
168304
938972
424644
7679
864007
686801
734276
27731
10148
83348
302
13025
125488
54677
39753
44948
92348
353547
110079
178942
28
137471
23659
36974
147471
1792108
188053
1880529
483986
24793
328404
461978
114117
106136
140891
529615
565292
1710581
257645
165566
734132
1663613
222175
199233
302646
229616
317738
135509
398
210174
1991
10890
90584
53110
37636
3871
33429
5031
18474
10181
17442
93984
272685
253869
7011
9642
213206
277572
710588
270087
184091
166970
274429
65657
173953
27
272087
691638
1287996
1911349
1503708
138807
41140
53627
44608
122856
21656
438533
303416
2350866
75066
31300
192825
104837
398312
29634
61312
211553
316861
65097
64021
605432
269858
94256
48100
52598
803122
139629
56934
280608
172151
43965
134256
4886
3362
48874
3291
382571
190425
23840
23765
83129
240
294
4753
271
40865
28043
130920
1865811
10681
1616196
449323
44
27996
402731
107347
520337
196995
168974
2481485
466326
228769
355578
309543
333679
780571
16861
34422
131938
46062
449611
712884
3663
599818
3650
907451
384625
744132
1649137
6986
84995
272120
1721532
482929
35583
94972
23886
13509
112812
24208
51511
190574
251768
302
93875
64301
119239
145913
906462
608
24150
61727
661609
84502
65231
60697
79381
146477
646683
1290149
238220
324737
32
371752
529623
69756
15266
266854
101296
69648
647
31969
50670
27880
44125
124799
27
70264
39210
277
117098
30886
1258363
63875
88511
24738
770388
315313
610004
163248
63293
142076
153871
198297
92632
21897
251209
357291
58548
22730
41567
192805
80521
1700
50994
609799
973292
66234
204055
425672
324260
278712
1095483
274504
86016
257498
21584
587509
225901
59259
192105
174315
99412
438373
10488
17192
355434
1397453
131390
51210
35
405026
847258
888
68741
157025
169445
257454
66069
10286
88110
23467
1132026
37174
1305314
1618072
723693
791232
37106
515539
380954
248834
1117744
1445673
197381
560844
56606
462728
148430
135275
272398
63264
13658
105831
156693
476321
1329440
492996
312
261843
83762
74056
120800
873995
993597
1099293
314
1140878
871693
39158
1215
848
297
78097
142320
10124
329
701024
104413
330
10112
271213
342399
226868
893823
635229
364632
9764
10802
22655
215814
538241
61836
231856
225611
709502
1359936
453237
1002536
978840
143681
99248
592530
228491
1540650
1073453
256528
75801
584803
1493863
6142
1061377
162351
855059
264042
468334
526468
1548957
860
30882
55465
19326
34541
42103
53682
187311
21275
123530
258
444209
93327
30358
54820
96116
42391
227744
172337
822459
101973
1383104
195028
40481
176883
407418
120781
102937
641167
114218
449591
182491
197801
371809
421969
339424
633847
206349
1081978
110563
302733
300
378825
446956
304193
163027
147682
81108
89242
55282
40016
28042
41
148141
95852
294
32295
224721
495
1143545
298742
473318
11777
41971
49561
30
167957
184001
73902
811886
130019
840737
126205
744105
11469
96280
2315156
20371
299
411025
638546
419479
1408600
323365
140372
220821
294740
67
300826
60964
545069
158102
876583
114874
106789
19616
84474
295191
345553
20535
751368
931448
2006
636
387481
64229
337310
492272
507254
29318
325
270
373636
128662
145176
431140
837394
23118
245525
19887
762772
187329
189330
123597
411975
502600
82864
67179
523870
5464
512474
400612
48961
180467
638674
50941
94650
526989
218233
533147
497762
202777
377782
135844
176897
1621002
176546
153495
19336
320571
406096
216959
182677
199596
290481
341585
32215
29253
302
332197
346496
495546
514290
15405
66740
648570
17730
491832
688300
96543
404717
1054097
360
452794
41404
169973
872101
281648
94405
146528
1209459
761975
1078941
178107
1320334
190140
152094
168027
4030506
96072
615990
21213
37676
73737
192632
318784
416118
2285800
195083
389192
28
167342
301
93538
28392
225279
23087
25611
52133
13271
60676
1709471
126370
120391
98737
320
203207
685
111424
178088
3709432
948301
815015
1312165
193800
75446
318
125745
391568
301579
96192
955623
126343
125760
1817652
2449494
290398
404188
297
244431
310
167819
32850
288
179955
297
180846
197850
986015
1092963
115385
635608
241033
560330
472683
144733
28993
1855
66982
106929
72711
306
112625
189474
74139
172201
134417
22377
1217953
83338
696045
463948
485102
103975
467205
318662
1368483
27712
61766
361668
305
71619
249875
743308
186347
1118659
26661
4783794
155306
55283
950556
169098
857128
341385
1489968
216818
66502
79098
235199
28861
71023
182383
293
62596
9428
19011
154148
6927
298
1579
157300
5930
36222
31376
63535
113844
484046
342152
24033
294
102395
83278
5078
78271
17495
87140
45391
1348965
250772
370418
150509
314302
7262
732279
103146
37666
63799
102280
47031
169204
38479
478572
798198
89053
108828
32
42747
1179049
88694
694693
105371
234048
500025
6602
7171
29968
19560
38631
304
45190
19103
89993
37804
303
83477
18448
140079
12964
324591
541774
132772
324027
59514
1181080
186670
22575
149661
14146
113614
65939
6351
165935
65894
28687
295
6033
313
35132
64314
3914
1341887
129964
69440
3914
378658
61569
119006
20818
615633
261835
216758
235148
600
2437
39451
52515
213124
1611
164385
60810
142050
2723
313826
556574
507947
16083
160591
152565
32495
49371
55155
46370
108245
539196
129498
13128
51880
112721
132156
78072
220352
734011
653814
47319
5000
26
297
265774
297
48728
333636
8173
87393
13568
32849
100173
14219
46030
587869
301
2479
184156
29609
112276
110135
32990
74058
18218
361061
281437
206690
41590
7303
41443
201561
190186
194159
23892
257003
23648
698908
46363
1937013
856132
547748
938646
845309
191188
38453
68179
117828
69749
10063
1083673
615371
52640
823561
42277
34430
1636
1697965
575418
300
150251
295016
63842
462980
274100
98798
24754
1903
496893
587451
2541091
42
124226
80888
122554
409100
77956
2533033
22886
361766
448489
10532
298904
149573
1558100
819118
306771
217841
1223464
214394
7666
96875
124223
306027
245038
420006
701926
135042
1372716
24147
63908
422887
133256
223125
310348
405949
204502
139079
12920
266805
134016
19308
300
186995
457173
67010
182653
863226
63731
793133
970796
268158
476238
312690
384040
205971
385039
6375
19408
58909
146425
96122
102982
170488
1100141
104014
836623
524796
153967
1097525
104390
310853
285012
11369
362645
53246
185710
49462
47292
97960
151284
584442
545427
504050
645373
22658
165387
787713
362078
205833
5881
1745430
514552
49800
36559
29462
81715
143922
144549
14
26163
54311
57892
6720
82685
199702
242340
292208
39097
319906
969435
222705
89440
129811
287
352
25896
69187
34263
227844
971
19966
13676
7157
698677
435653
1178930
140622
124141
413050
29195
65336
219907
150506
30118
186350
11266
304
39301
58973
88238
29090
152606
117189
2145
54331
205863
60043
411639
53425
279034
33586
303
121386
174103
11978
1003
7757
15929
72975
15124
31200
53291
7334
81081
66749
159070
149922
185383
291366
78908
201569
262592
937495
88781
793188
1016135
672210
269764
220454
68320
15540
336052
392889
110533
567923
220700
591083
671257
288657
520080
80039
139186
261676
65837
272718
6207
145937
103378
736471
27962
22444
26669
741012
1111284
516584
275306
270409
143398
794043
545902
121139
643414
91663
101100
9538
265648
331485
198712
184444
1221625
649382
4783
5391
114717
541
237053
77869
529886
247895
153125
241846
89566
516792
1205936
31
53625
41980
1191567
48
621451
250873
125354
772910
66814
1617038
231386
48301
10344
52050
5609
10954
308
43044
73706
71750
188620
831368
39124
35649
1182433
403372
6754
97725
346721
108435
88176
458010
477674
8347
6948
255690
27987
759617
547437
3538
330659
145012
579321
519887
252556
50983
98508
312
190494
195730
35909
28394
143324
19396
66656
77603
208849
553659
322830
84890
54
372552
22422
920029
120760
14419
928054
189521
126599
107846
10445
318
779098
509757
13537
110819
282885
537908
261570
238702
255345
34583
3983
300
59573
94182
275847
15560
13083
39353
423086
740465
46600
2010352
31953
11610
55745
235580
209933
3516
405526
85433
1171293
745589
108770
106260
32077
45155
401644
725212
720688
232771
669468
407441
1431915
302
45471
158598
3895
33995
291833
95908
446210
44794
1
325822
344
219297
230208
21932
90314
302
204003
254021
103771
78912
102024
6760
71461
6216
79252
90303
25483
71704
107760
349978
1091561
380408
70160
59744
305
220668
54420
122071
68111
193729
162372
602946
51678
191476
1985039
361685
61921
18368
247678
73758
328738
329322
376086
133507
156103
28358
45583
351
9085
345679
14673
548842
376141
73728
262485
34046
118158
286
224072
254034
22312
25088
485781
776811
151649
178348
233996
87835
149122
230239
172950
187845
184814
85627
114366
117662
128763
93381
343630
199128
519323
4872
390384
673
63412
311
298
210467
47
18299
443619
352433
361871
713
29158
317
67351
294
25220
65949
324
11472
34467
257090
72689
64900
177885
188314
113612
27120
51555
41527
125103
141065
37948
28823
132626
21133
135347
21137
15453
421997
70204
80393
8053
1150
103541
45704
56320
263146
107458
34788
29726
61444
522255
121408
313
104475
1531024
87889
1176152
313087
112629
88663
274458
310099
5023
22635
31273
8914
207427
324243
5278
16408
72626
310
66769
13342
44643
171994
17672
5
1067
80872
28332
1563361
280
26521
130902
7221
1251861
412026
367155
9637
353443
121614
1610995
404862
354585
167250
307136
1618602
257715
32
69596
524092
39700
18696
108514
1208914
787720
441076
74769
596509
284071
204353
239671
33671
108010
32802
31339
175222
2661411
32800
22778
181387
258461
991429
537915
743095
14246
87401
316922
30632
260638
1148857
2523229
760196
366191
370421
1551703
249728
59421
20711
69686
644963
857599
95964
177145
634234
59510
81978
302
101222
1035
74483
148072
452825
1240919
113854
22722
109097
27068
84469
1573273
196714
460745
382416
456347
25096
207013
113001
392071
222589
137096
1787449
108680
1148933
116204
330113
19440
106483
59335
16182
73344
55837
148850
1566191
111202
85750
17546
202332
96556
511449
502987
287719
199548
10185
331
38801
16498
49903
290
146282
10842
472201
116278
531884
115142
9642
38126
26559
14794
186400
40194
56622
39442
23472
299555
6811
1838
27821
320
22664
8604
15575
401492
182140
2060798
224598
260515
26
224270
173749
91064
10940
11692
542472
1919216
788163
372151
14276
86490
50245
143864
859603
17687
976920
57331
26041
110715
54571
70290
379243
615190
237948
1466631
247068
52
245017
502726
1173765
99059
234526
8579
318
53553
141549
66451
218283
11800
1491
218705
21159
472450
247481
45048
261654
138239
197487
85377
87765
305
52449
64891
27123
2156
14431
24862
309
300509
260672
134
291025
1606
310
5887
75003
106471
30724
13915
323
175894
445861
108033
250274
64157
17080
56037
13511
60816
349466
728567
25572
43842
26022
27
4456
43595
205846
81686
197438
374697
42
1251220
486215
439679
63162
19264
34971
158034
873595
326151
306
894630
735534
471609
133340
3629
342248
120122
31986
230881
414266
102810
14542
29628
211985
76248
63780
9166
1809048
454203
33
143526
63785
1689
601339
8702
77837
1536619
1418038
712730
25901
1709799
301879
46947
546505
367993
16751
386133
71272
335066
175060
105769
267585
863012
108640
242886
329220
267229
558279
788745
53850
98558
47589
267816
247098
18673
1297
24034
30519
8094
108950
4231
31
63089
531843
23545
129505
305
970779
20069
110811
8712
69267
122311
225998
133395
513653
796335
385541
30
167352
341423
292
242254
1119170
17165
706467
398507
31
813145
55931
459111
182319
109924
299404
15019
37110
245673
346147
101778
10291
244027
269587
102919
2164918
83715
215471
550526
5550
588503
435741
397057
79945
110811
37703
70966
57155
79189
294
26904
4859
27
13799
70128
268349
76547
140691
35760
55374
453555
60987
174925
72416
4142
111104
77276
147074
748404
28
137761
167123
28
434804
1245758
9548
310
40703
251974
56822
107400
682283
717397
486181
116581
302
452098
562919
217842
116020
17619
112541
7807
123373
118936
399200
558923
89760
201189
539653
90758
579964
768003
326527
498546
2456817
938004
455190
54259
672239
54254
612695
152638
895371
772683
95506
110320
159315
64476
148333
182710
102703
365542
812276
315396
173284
136649
220617
4555
114338
295039
334030
442840
107946
300
230279
42859
200584
5945
54798
180708
94208
175824
5818
305
59839
11312
30171
300752
208710
26257
240963
88878
81331
12781
14622
295
7392
142632
373877
59468
142309
1018111
245456
408102
366318
360070
339188
2584342
2960370
341867
194392
283920
363149
359993
408636
254801
68477
127525
98518
52541
185415
308
359327
1172215
1261675
294116
301
9612
86393
309461
36766
71091
467104
124179
168846
57326
129898
14299
239782
207593
132566
122985
320
122590
8097
16752
93320
42317
134806
483865
107228
551697
415023
165979
313994
204074
85631
396886
264864
499486
126638
24023
46828
15111
27015
483748
341076
176657
273501
357976
666437
37942
99827
324692
301781
711894
245264
386098
167983
203615
466295
27019
18718
138405
900956
201767
950890
731993
290
1150866
519733
419
612475
371509
171056
887964
49911
89837
292
264085
130873
303
252383
2082097
420774
449508
252352
193217
123094
7081
395917
79059
117452
52901
22798
134745
179036
9933
60627
297
307
7603
277484
52024
55143
384823
4062
328
1800932
1388800
2732221
160860
43693
1342528
141699
1249716
150534
27995
854491
18383
52280
1352
606
220500
347982
290
58972
288
453051
40730
6495053
349782
10868
353250
313
1638506
236209
26768
31842
98455
302
63359
4530
248008
239472
141513
70951
302
111763
298
61934
31
328734
71059
204573
97578
53034
44229
193398
180485
323741
70012
53790
127346
102341
113815
38215
29
135725
247292
42075
18994
12509
213774
137346
105927
28638
61722
150001
271822
300717
57518
228020
188643
230582
106197
34602
9051
372386
50745
111251
19648
122452
107648
27498
13470
48262
274252
301
167717
182953
68498
168544
66861
19527
127759
6917
228395
1570
56
82407
79706
60578
169360
139
174506
99365
28079
27091
59525
226824
110436
103869
78694
68596
155370
70542
101513
263
37789
82442
205150
27459
4396
17547
193251
38940
37005
225050
211941
444094
471707
4479
42170
102299
7378
90906
17513
12807
731349
604650
57588
468285
34017
425213
168306
305
29734
490810
20638
1454933
105268
56303
382463
674783
158093
1677018
740188
5137
33596
309435
49
33345
405506
619518
8106
16075
11502
51158
28499
46789
98014
307618
166456
398376
1453665
80953
62264
114425
120463
190749
27
93198
304
110578
46423
186822
275687
272629
249217
295667
46597
30956
50969
144542
8664
72564
6069
208442
328151
1898200
179693
4203
229604
290
32251
78586
482170
444242
475789
351057
161149
430399
11017
117177
31327
20300
55864
164239
91192
351
39656
15807
125493
61999
58391
39294
120049
194929
36855
52527
44892
102705
33391
62829
724450
305
306
54473
560308
23576
25064
16398
2937
37226
36863
399445
122260
41151
19140
333119
19775
60659
164414
61458
41340
108617
203714
2913
89429
98960
165083
92597
177787
22984
199018
211463
203855
355686
818600
5805
122071
32161
286319
54268
53245
48747
8285
43204
116044
420353
614626
607406
198235
9429
96959
16805
59727
107248
26870
282
258427
523885
222455
143069
794918
857786
532948
117355
204562
41523
245632
1194348
422571
215719
376674
132163
28205
397967
145589
221803
29746
559348
352700
1020773
72062
64152
115470
66367
24810
348511
308
1202681
239119
1495480
652737
223079
32318
652716
1624319
820720
428737
994626
614971
88994
495539
25855
82509
66211
114133
106146
158387
605533
65241
36154
19518
54319
50726
19505
43827
7856
51807
10186
316
38677
143530
40941
110092
13180
9342
13151
7185
6261
212905
14617
87875
112223
120185
45240
199048
4724
82810
8024
36589
85495
310
27858
241163
718198
291
58463
47036
70381
24637
311
64614
65470
37829
541
10405
180595
139066
128
25913
360566
591657
699885
348004
33
96966
1500346
178145
60751
44423
65191
151913
8174
114593
1157869
400476
494351
16260
38127
73392
235315
249087
94665
174953
192013
75698
5369
298
936
63244
122658
488462
477481
50755
379626
52973
16070
91687
20128
8285
10541
2202921
76253
198372
145781
272545
368866
360349
44
130681
45189
412721
418202
1272005
126239
33988
429584
613961
30346
467520
185773
199787
462738
50536
79560
194576
97596
566151
45317
541076
19171
47679
156782
38618
83548
30239
304
103413
76294
166589
265937
1163
346933
136272
405222
137318
2003221
365519
136037
110839
1053251
193315
106815
325875
37506
1281926
360244
1164778
562128
228190
1761665
1355518
1445624
30895
941634
398183
1082525
1157299
468321
448542
136051
802892
195188
296
77643
228341
81880
4146
57747
14216
46060
150088
116609
452405
349097
88488
1033837
28726
76767
103874
334151
634377
240280
1138
87250
93015
476042
750
31298
205599
478417
370042
23066
514929
118392
8548
26897
403043
7750
102788
8718
115005
126535
1081002
389176
271682
144495
59027
93543
92931
11023
34975
105593
5061
59765
17584
5938
1239058
28708
1169781
31705
270912
137001
7324
125220
48539
457317
56225
164514
799
35129
133770
36628
87989
942532
174221
393300
212109
44716
256340
290
117930
47794
76786
115950
94051
201222
425873
202810
16326
192164
128785
30567
155638
1011
327
227801
78798
332
48946
156617
6329
10265
47176
173152
137139
155015
49305
118029
64762
682061
168667
208711
155558
682412
159425
74663
115166
306
45425
1257652
37217
267221
81008
39683
4774
162977
89835
144670
141247
92224
288735
135370
493744
599678
37958
115352
96265
1528
159304
3450
30
14358
8756
490195
140239
13069
29
8720
23102
66707
27978
16892
1201245
362976
243478
54989
504943
59908
217384
120564
103644
213251
100996
48566
480383
302183
116790
83248
569
120460
3197920
180687
672988
573999
306
36093
44741
119727
1173578
501854
96031
289637
24920
155011
915760
535519
872844
1011478
52153
3074
95069
6783
89780
54240
249880
8012
41192
135182
812941
158264
316292
213960
937099
683698
345855
393479
14715
810560
120869
140884
903107
113206
907
15848
93746
83166
90825
2082884
333325
75270
1600605
42594
12019
669990
36343
42984
1454
300
46193
310951
284419
150540
23128
142967
102759
4493
59611
292947
332137
29269
192888
148773
107406
484709
912263
683899
301
159912
209876
177479
69097
33284
48851
2819
13256
385221
1265526
243919
412419
19951
235261
38394
57747
495665
17200
37265
145489
37074
944476
38740
222952
552811
1088567
1370434
232468
829058
29578
118224
157768
78935
22121
7174
31316
65547
43875
205566
59178
15687
14277
13972
241159
137437
1039105
2628
893864
1431991
55930
102275
97263
319894
220481
1151996
56770
413328
110473
2127582
383858
487869
371419
307531
626243
159695
358764
779613
139610
782784
556415
144771
156522
103276
3460
336155
195214
8141
6383
21218
35
28706
396037
35376
64207
138476
388962
1462081
155029
367906
147964
9612
164806
160053
297
108766
129736
218126
122280
74363
51673
3077
173859
19951
8835
107498
674676
164971
36477
26713
54635
311927
329147
64798
106075
123826
298325
52061
261758
136016
116466
13610
392008
76305
14342
100447
26997
32470
118040
102555
339549
168276
143417
27707
380819
97985
318
215670
16690
245373
223852
525406
11946
278825
468421
2241
473084
800295
128684
35959
45081
999064
78828
48428
744841
244325
2003674
1244098
299396
714765
439273
195941
117593
314175
1940934
11260
38361
537421
144770
907200
387212
436402
760544
69089
907463
674042
549869
498196
330986
288489
305204
229984
251085
320035
69898
434787
50676
34544
93623
208619
204935
191848
247935
632376
30113
149537
130883
19789
774587
125511
141614
5606
246951
782277
793895
259952
865150
241685
219464
1863760
585676
573928
32451
69966
465431
779903
3016930
1240317
395051
235336
312
11780
247998
33028
332305
43250
668687
430459
64228
229546
844690
110508
2204
77310
789319
9937
285624
131730
73636
122748
33369
48792
53873
41
22440
90814
230644
26171
50365
40792
302
174888
228443
59525
297
115340
6934
11051
125266
18946
387180
3663
138831
35868
46426
99389
66198
28251
295
6022
313
35049
64373
3914
69446
129932
493212
446896
61569
92875
928823
170418
393886
379490
172949
190913
503377
222305
343617
199115
491592
4874
79571
306015
46947
91527
126663
128124
96679
248369
5638
106978
292
67048
123158
1661735
75500
319173
17778
10722
338845
183352
289182
299485
492639
45392
13434
175773
572185
3753
42621
235122
147504
3638
36980
137070
121607
258
264300
522935
818769
427341
417240
2282333
1162209
524748
85793
148468
66514
661169
286
94626
416458
476098
127847
472229
300
56416
297372
62963
373533
68801
316089
187854
202168
28
197173
10145
265301
67184
234773
199076
360098
106624
4233
206584
652149
8850
39666
121176
12560
354728
529938
208985
68653
5627
112041
72152
1095515
1974729
78672
40
1736955
1142960
115051
72407
58424
6450
19940
60044
316877
62976
75484
15604
2136709
47429
12612
1041500
103718
791630
417951
242208
482805
102470
81672
136529
3177
158835
23044
535135
1080
6460
1347
71595
4759
213357
33423
314
78930
2893
105838
124495
87565
491511
322
146770
69150
192802
22840
328949
146665
91
31
202085
537
104118
56656
104163
30233
42555
70264
428072
9070
25400
13927
84401
216549
87958
39956
29064
50254
170699
10188
1941
44389
76771
1409
515515
57902
897151
652782
564464
312
387296
25700
246390
122019
827179
1019858
308
17710142
1131658
751736
167748
323
405944
314
232229
115920
68505
905996
312
485053
305
556813
320
527831
624219
1452122
133309
524324
41790
313
104980
391640
3388
13751
220316
293741
271497
308648
17689
779379
165890
73704
12159
36
21355
2090903
1047602
11075
1426
38804
14984
28122
24765
67575
884018
34669
38309
334049
52606
34520
381233
72320
38514
167667
244852
835971
87751
287314
608823
152678
431028
66
112964
149898
118097
283
785004
524156
141131
50141
37249
60049
10704
280819
135866
437980
49146
151718
341407
617104
115223
95710
240112
133709
669970
440638
252968
175028
572050
53723
350042
440615
63142
32473
417
110601
433889
305994
67472
34902
88620
321552
569568
189519
1742262
15858
538607
264141
66857
6987
105896
35285
24770
43039
183741
81882
232288
79067
264369
150338
80733
874712
18136
6194
630635
119609
158773
82937
88915
291
330474
616582
18025
59185
508301
6266
218254
77704
298365
119545
305537
107188
81029
57649
2251
3088
16772
262844
51267
37993
155106
174686
633418
177428
363
124436
144357
16568
200849
49791
314
135123
422785
433233
217579
225190
3806648
8558
60789
58341
1413977
49098
136043
95038
67771
38920
49241
19744
296
12157
1339136
123964
8358
26519
20826
50449
127446
39833
219536
589446
920527
37375
98222
96424
55928
144670
133697
268086
690
77745
262090
24602
88358
31744
129974
52533
38300
89472
74306
29
508336
394094
137720
43878
745116
39220
298
6212
5923
4710
17730
93552
175147
39327
1825344
343
970263
528987
251304
290
739507
63898
355498
959267
67245
264308
637189
17515
211383
270
326
297649
70404
303
41529
366721
24519
50398
449921
2377
717439
250486
288580
297
167400
32432
2132
6240
40824
97489
129437
20758
18564
4802
422912
149
303598
184767
64884
252571
321320
77362
12383
100616
11544
19857
237451
263117
348891
262374
109804
29518
39011
201459
95146
52482
273
522863
579
215238
257611
77530
20453
214013
235646
545573
301433
304470
165955
63889
45812
13197
339
174344
22517
148340
41877
108238
124453
285693
340474
1633410
1827297
45809
591230
350719
562358
102270
67085
170720
37617
38320
217795
9961
315
69390
307
22071
66230
58650
161033
46457
22960
2487
25632
66181
275573
165027
61848
29186
319
18992
75161
157586
795692
23627
24384
196354
73099
13019
21071
323
142528
14666
1750
373193
486433
42969
162554
102420
78847
165752
106849
375683
37
32511
316296
1046234
397629
65994
6694
44307
235332
6635
174790
6628
184259
67800
77850
45132
228800
462184
274561
797295
139387
18467
240724
104380
243967
499109
315668
11031
7549
21486
63530
63187
20337
39653
76972
389540
205195
86098
211772
176557
17098
200477
17113
146137
117026
37821
89438
57989
343491
131795
3357
158193
17110
64459
60120
8756
32345
105104
485824
150280
355465
12878
165749
47603
181781
102515
10140
5443
11752
185593
300
27848
190554
46418
526458
16487
174020
179044
105284
299541
57970
89693
35618
7247
615
109964
306
145053
17134
38830
59375
32976
11820
301
85136
37146
764438
11820
301
85171
37294
506059
11820
301
85171
37294
840843
11820
301
85171
37294
868380
11820
301
85171
37294
842929
11820
301
85171
37294
779222
11820
301
85142
37325
763637
11820
301
85171
37294
573017
191073
6967
9180
11820
301
85171
37294
843339
25378
122229
147271
3
10678
122211
99100
165146
305
115603
11051
6934
119247
11051
6934
116165
11051
6934
6934
11051
116877
11051
6934
118314
11051
6934
59888
94470
282449
328426
433968
61560
310803
772625
148729
174144
234378
87751
21060
127838
230244
172982
190451
183349
85060
111348
117624
128766
93332
304726
199257
493056
4872
389664
673
148951
171043
234329
87813
149112
230254
173396
190923
30939
152163
75352
232561
128794
93392
337218
199223
521435
4833
390366
673
149048
176577
283500
87831
149126
230255
172944
188106
183348
85185
228783
128771
437086
199128
633679
4872
776427
148776
259906
701885
173027
187818
183398
84841
232303
128738
93397
343755
199214
476280
4874
527269
673
63401
310
298
776736
148946
170646
234002
87823
149138
230253
173009
190669
30952
151167
85859
232499
128759
93390
311001
199312
490234
4872
390500
776439
148674
170100
234669
87812
381810
363591
183313
85874
111415
117693
128775
454046
199196
602292
4874
439808
673
97515
2204
77310
325262
192154
273519
335
11787
94194
35032
324
87787
327386
1204560
782864
169953
11
88274
75762
91661
443376
329258
209068
1900088
402584
345375
220885
40772
200020
13957
274163
393525
87284
205825
1401462
70031
59748
326959
48277
109936
600408
1331879
398886
394350
99127
94643
1001238
59709
105201
373
576740
852917
456289
729427
129791
117869
66161
21621
1070286
311265
176915
432559
25246
898179
97010
11595
112504
38
335088
237342
846694
324271
8225
608739
956263
192836
201066
18508
343377
10882
494764
285960
153974
705566
142326
538080
570781
37827
383778
310170
321027
1629800
173579
495501
254443
60612
420859
789043
952926
124920
1354312
227099
3061410
159961
412299
102905
303309
1022749
175444
349125
1756
13680
298
141799
65132
183459
58306
244271
41862
58828
173086
314
29118
158921
107679
279266
1537839
723
284157
114602
3238
284607
375390
61108
113139
90589
56114
216119
186748
53680
435289
235062
76588
208397
235997
162147
159392
52049
25712
13932
124254
18219
9713
27356
2028
31
39510
73394
24909
281624
28
183444
346
320477
27921
55928
135887
307
32328
172693
28
225415
304276
197498
50735
101594
77882
745733
357791
13849
74051
1370336
1503275
3306
107824
76548
309
195825
286312
41591
191885
34568
82897
208409
1679049
45
7643155
167849
41258
254416
101635
843176
224466
190293
33526
2955
2580525
141744
4975
168265
141818
42538
58120
249969
482974
134638
91843
348635
12706
229602
53120
140090
82832
31578
290216
14409
30802
234271
35075
105841
456013
77640
267874
297
8521
28114
44504
18157
24691
171001
16075
1181796
1278
66224
57667
152299
49536
177848
128912
308670
34227
597238
49949
2205107
79086
2927
34980
140921
32896
67180
22359
64977
61670
23263
2191727
2820015
41
2060
1368697
1267545
98174
52
180304
480651
88430
258466
595359
1553650
350935
2301458
513933
247830
15784
1032212
361792
2968
250896
280201
1534600
93839
473786
3243623
1771391
369989
134180
263593
184584
292048
343607
230539
398750
470856
55352
18320
33
126649
48484
15893
72395
508316
33565
955315
407040
568064
60652
216732
645760
178064
1674558
200553
9295
51901
99258
410486
158517
2434797
75141
148212
715532
572818
67328
546502
18880
100609
85892
119178
52440
520344
1534242
395239
39741
314
24745
204697
3168
64228
25204
69233
189947
425143
153790
255767
332
204832
119660
91672
19570
32
20972
7811
4665
6897
270647
39319
65329
210545
73719
36704
1962585
476626
561134
219
155546
60836
18989
191783
492
470020
2356657
2796383
335501
783156
556911
303225
330876
13181
584767
340733
32
160682
311240
687421
178172
287
58547
114226
48876
16947
15527
1016414
343049
60517
22772
223731
1009422
2023242
516612
299435
338117
3713275
2993716
859391
569788
921402
138103
65753
438884
494399
78433
87911
13724
116581
879140
515272
601158
897845
257827
453814
59436
16835
1343331
1204560
782864
169953
11
88274
75762
201678
16074
35799
1909901
499494
314
135354
15763
1142691
15477
98771
80927
347622
64152
448131
367573
247203
573305
258000
1673846
281194
284611
21433
307
735672
234363
117907
73764
755441
876771
442306
57048
147182
586424
1397774
171428
306706
211147
761033
681614
7206
200555
1505064
21982
525415
146412
138433
107683
4329
192716
424889
41873
759834
37611
300
154959
300
37603
118107
695189
54
135200
50
90550
361743
37580
299
136931
299
37579
361773
90559
50
135197
49
695666
154100
14248
56324
30727162
