1113914
165824
82920
65905
118918
239177
15650
183537
259102
38632
75783
476103
1123800
1560542
429505
428729
31554
108652
60415
315
23355
95600
70970
748881
384584
13805
127555
329311
22253
291283
179522
62737
470364
23610
88711
7005
137457
77367
21941
131148
847
194077
122069
21113
3323
291
285430
38970
709402
307392
82961
11920
637746
202258
141984
100597
140066
19
187606
46445
93242
9
69060
76466
9
11271
136223
61873
31168
126892
174293
148532
42637
64848
296181
511206
255526
29776
292
103527
17914
61492
91981
4768
37723
8436
16821
50533
4018
103725
14965
2544
311
66995
62546
357492
37992
41877
101515
250531
198578
187208
329547
41169
1745
493
3296
1845
324542
149248
105862
369551
84989
161242
507452
113744
35387
168210
293520
135578
32214
633035
2803
179902
201236
25208
214
100146
22573
6791
541986
111146
175249
18550
6522
16043
146291
53370
215269
11242
393942
289795
28213
165677
45291
132763
66635
206062
588
53249
16330
24172
816473
9168
20082
57340
12205
479360
69855
274511
56783
175123
21645
356971
13461
188892
27564
31469
15846
9874
3842
75528
5805
121976
6521
14849
73122
9766
2140
110405
84842
38172
139695
5457
55164
11516
172355
183110
115228
67599
138286
29689
175731
35428
36588
13845
11951
66900
183864
5043
4425
96513
9155
131868
83642
8539
34039
43080
25745
77865
79458
47042
304
51069
68205
505775
148662
1057808
65936
300
307
2255
5550
25410
18810
42976
23016
113888
192900
369412
99268
143937
95107
286806
72105
1471
77689
35488
28321
53795
389246
347600
725740
16902
371969
23699
338934
52481
4321
136559
10487
25680
1926
230989
64426
27566
66961
172164
7957
51067
47926
9711
25693
217140
11490
58859
215885
119068
287995
110348
97815
465980
82847
7469
38415
832185
580430
1359
16320
150287
34014
212906
155132
16044
331167
93360
72920
29720
99280
104740
292247
23432
89562
202714
4380
10104
121743
5819
706041
442577
181484
288
191514
6783
757215
161066
75642
171242
138527
189988
594844
3282
13722
6905
117475
55875
63335
439627
34815
6512
8938
29323
38180
30617
20049
10192
118631
3979
34080
15802
37610
78069
618525
507680
229333
14650
83768
98977
1023237
905876
405479
359158
245921
165498
77831
2417
20739
47762
78383
672465
70750
211738
107848
158588
96439
34248
178045
4647
63415
133212
100059
140920
127415
62793
194509
457253
97802
33838
80357
58642
57836
120719
66331
18158
266728
93546
461937
255659
676503
257085
1229159
4242
1164819
118812
24755
359076
328204
157757
508729
503925
204322
451916
380027
82297
113146
371666
256910
32
239763
521145
248700
38554
43498
22593
38118
397296
125209
594573
457463
6990
859364
248738
130335
506597
71701
5520
321402
18501
61410
187775
798551
20062
227495
49205
371010
519317
425320
353566
15334
99544
116165
1220387
628010
584059
284082
797445
299874
470477
294023
149827
489316
11389
11814
81595
517939
476728
678375
5108
38666
45125
49997
132149
107143
2064210
1514033
232497
289
78937
465213
552331
364392
385812
40552
16134
432482
489217
352339
125421
148976
118020
718099
768268
3958
792763
24462
672738
307883
231010
4180
32960
9553
69313
610943
69909
212073
61355
65600
662529
212834
1059
270768
707696
36401
34345
145050
380635
376708
94479
172210
145489
937569
435951
31
565031
1562793
67177
1469833
296636
467989
725979
94499
70799
17351
107580
10167
1151291
525695
958786
1179947
690297
38461
203388
882898
397834
355041
667137
225488
189191
584092
212443
342341
309369
93178
335679
824777
321343
923056
251738
1006150
173532
18352
15114
25606
50263
188888
381311
173844
181629
421929
325707
148892
1083230
104237
695238
152760
367849
81655
702542
217948
342118
121275
95174
2901
96863
30
130137
40550
899427
794515
93891
189096
135771
22465364
185450
135936
376338
213137
477782
176686
190890
252285
240389
113942
263
112708
190065
748772
556223
34970
187827
142186
257533
44112
86142
78115
121741
854433
117588
190424
108788
243382
180006
83848
49100
14727
38632
268
77937
29543
178891
82632
23621
33164
17486
185918
69115
61871
119773
50279
40436
264000
55749
56261
108115
1610711
56916
74500
180677
93670
153676
52491
19656
168903
67573
91896
118078
291504
118403
78034
133885
84180
7396
37407
136283
176492
23028
1977
53969
10176
54830
18966
118926
52071
14935
32266
106184
304497
213253
5490
50264
116767
306
182439
53911
538855
367910
84807
33683
69692
1010459
429997
77339
586542
611890
20444
37087
23851
90516
9098
40912
75938
4603
455168
46217
271299
495057
27124
576214
219377
279639
415533
294440
163595
85481
232935
223952
479339
227407
1704312
10627
154322
256334
300399
2823
124381
25944
440963
385451
537450
469267
35284
591869
501325
355037
1760499
82013
9400
332891
153238
236800
36545
312251
300831
15323
37373
215523
876268
22370
177443
105026
281356
177825
1242258
7
184749
31438
326473
77382
1439
298680
224361
42426
103743
20643
23267
345682
740902
36553
45954
478679
579121
47861
203690
145136
24363
290436
26070
624261
342400
474137
126146
187257
557115
5043
179431
103612
1334823
704439
243012
65453
137164
1000065
133258
172226
187461
429847
154556
225881
61637
110132
161551
382741
216408
571916
472397
687050
126395
73101
70338
262205
1482504
913
241184
77086
276362
270341
4355
999652
683530
297257
393335
2292782
6598
190419
84327
31697
62668
25439
4
146508
63647
105544
45436
78664
33518
18463
11025
26748
58045
56160
21162
398958
33007
120561
380144
3572
11021
119174
150721
503230
49537
139061
400882
128056
70603
49266
84311
68907
26468
97756
124844
55450
144506
420923
93083
474074
89778
369939
56425
140138
185640
212854
588379
146782
344852
942044
88019
34109
28775
494769
184029
424284
130354
351055
210185
732111
133747
110703
58947
238249
207673
14438
55789
155332
272542
26331
416
52652
442887
5849
141523
184036
268533
800149
129299
701353
623845
125737
222888
1732411
34455
25149
653692
120718
84260
663410
416661
376505
50863
194101
76534
134013
1480197
899256
43656
365707
527930
347626
139
81997
14734
3
15884
71749
51311
44142
34488
260841
801122
93614
39006
392739
24914
54319
45066
103637
6967
109813
343344
181880
366814
92688
18859
135074
317220
296200
46893
189130
324243
13845
715416
67854
550009
176987
79252
483749
210854
49855
168049
61136
215193
84371
90014
287298
14562
183596
500624
164790
762816
5408
62661
972208
211054
208387
22166
382
17123
881
55483
130333
44700
13724
15798
38908
2241
220384
489718
64361
272749
178143
10283
63601
266885
250578
487318
186011
510712
50049
10724
63394
74718
309388
514469
82373
36611
863175
40944
205539
630
18426
295846
468854
217699
253
104557
48506
154281
282937
388699
96459
5541
31599
92894
401323
6370
233175
325012
61857
558933
89772
411423
27320
119458
169212
198106
283736
37491
390056
10975
481532
9743
162281
48844
141047
93997
117303
86336
82610
120588
542555
29943
451558
188202
12744
148869
835201
167987
472631
398577
1214679
692930
7243
834929
41633
83971
36119
1298753
921591
23529
262514
608759
115206
29036
6387
280602
593828
761861
789229
27
233168
78585
122655
85738
79919
113126
27261
23025
199971
586196
31131
112464
80134
85527
549679
108038
196945
1159540
105381
549241
87275
270494
745127
202495
51211
111785
8594
19321
279872
93687
107920
104434
99524
26946
88741
8514
41252
63919
140406
2312
7048
7753
9044
28479
77459
149529
119833
172726
2592
712680
515518
260976
510182
42272
91453
30640
309
109666
1358583
79854
515076
678393
151326
78822
279489
240570
287284
44544
178365
366768
255602
379269
618507
172963
466834
863005
200859
83149
716140
248779
31853
62361
132366
368882
104320
5403
25629
89386
287270
105248
101799
100113
777007
134365
186642
297709
230439
294438
203168
458261
489488
122920
42351
68890
74258
101736
67
170748
18617
78696
11602
315249
32747
811355
45410
90953
106758
27550
81227
42043
62651
904863
9633
443299
43933
15381
39083
78570
235988
338400
3568796
128585
6332
164413
79979
53187
36048
49488
283471
118091
270489
27948
51968
310393
1009658
146727
668922
87311
25914
519777
356615
31006
12234
958430
12234
32280
867228
49660
668433
168713
40503
548836
44630
25884
28684
447450
648879
872023
223524
476521
766078
1832028
168483
269926
42353
63603
1014462
1385796
949034
639120
32946
41419
569612
223723
133389
882373
304255
506628
449809
7670
50724
100211
127568
41053
763
241391
490338
106378
363435
425667
22335
787367
70662
137771
256129
67805
358530
394152
141332
132501
418809
561
3035
14096
15292
55378
585284
13327
19304
3908
310
91658
69176
65164
15727
6798
38167
82269
29790
13174
136895
35741
54757
17911
98813
11032
63239
90320
41014
339115
498435
154867
1339786
398167
351186
35768
1804
3701
35291
936
319
424138
1325
11548
20645
25058
5347
23146
148137
2965
177729
28005
46067
301
4875
3695
318809
45031
200751
15064
54562
35447
81323
45466
253774
41139
60301
35893
140127
240604
57121
562418
112629
753247
588607
212062
127430
37086
189030
204899
3941
39
16431
261294
567481
837994
15320
313625
664674
959760
585194
30382
730945
22084
1046659
162053
759771
145347
1387285
11494
74305
68244
116928
77668
89603
62895
64881
12158
32571
82125
15283
229530
15334
77750
60722
67166
202405
1339099
6
303510
766
1204983
460256
654217
8561
113233
144093
21612
150995
51302
26760
96189
97055
31972
242229
130597
222048
47773
77186
166710
287766
600832
154831
8883
1039837
82326
68239
599178
319382
37114
15694
18461
92588
58282
546734
50570
123772
44562
541981
198100
427968
144796
22544
143342
45218
23120
153747
94517
266678
191018
228823
90356
8235
477119
124200
148953
466649
267343
65297
67222
111507
78239
139776
55210
96141
106075
76829
170539
131663
43259
13775
3509
74466
43160
114352
96393
19581
115479
759753
494944
377175
427844
10190
1237
702508
298004
264380
6930
207952
666706
1480864
41811
106501
234849
282756
315685
854
14117
40277
61744
16018
104522
320280
284851
51666
125457
148318
1166215
312040
1375030
178435
229613
86245
128041
72146
18718
4626
244841
184530
1514930
28110
236759
751785
69980
509602
47796
620148
82862
26290
18000
68878
27859
307
308035
28579
149563
1884
510561
1216775
367246
107052
27497
931
3561
13218
51549
30428
1023307
268443
98915
972825
14608
358191
286803
101009
395757
309063
570710
174057
523399
83349
234096
652139
9999
266635
1244455
116066
346564
26661
257381
159723
225977
214549
380703
630208
85142
914638
216963
169914
98443
149742
11421
281865
64872
1584768
567565
20229
194451
176223
300
332022
44764
1264713
601480
21528
134451
843476
166003
68528
19369
870001
4
64781
413587
165937
119183
661208
31658
11690
78355
3955
11331
51691
151
69388
110483
28419
54769
694344
702560
428456
973017
193461
1013655
142767
388791
150351
32950
125595
2744525
2377
178073
24024
939552
54890
669404
114067
800673
16332
31229
118667
315096
104979
65185
542
496370
310595
218203
366677
204794
761548
274047
674004
333199
445823
242530
714684
739887
992919
1555159
1745643
618409
171080
146377
161543
98083
336029
24825
267345
261065
60668
61770
38531
63452
72809
25004
4570
23139
79032
30820
66247
317227
242902
64754
80371
72237
44662
647390
133145
312067
36898
281308
1527
232163
13013
85127
1516982
360276
2364
340042
1037089
130134
35
96460
26002
534395
1137682
800559
266866
1101367
49273
93004
103322
97020
209665
26174
164275
456750
66099
407722
71949
909216
179548
417521
74789
48521
34060
14744
8445
44523
132249
82128
262319
269728
24101
206439
52464
48904
43264
82760
13897
14714
1230713
87136
362891
566192
5158449
32885
163777
342782
414950
1396
237076
740142
56094
8399
72720
103160
4395
922437
244903
137221
297892
338545
113761
22501
371871
305525
617362
186539
66972
154215
224207
58840
401818
4497
260907
81191
268562
61001
29596
9497
51195
6443
29505
34502
81191
647365
12346
23059
50302
6541
47651
28211
99420
254824
8842
113196
14404
66920
401422
78644
30474
48
169444
20478
241262
44055
61176
63889
2700
32361
149293
16889
22731
522197
122399
54426
89996
4744
25277
106013
11123
9714
265513
13994
34748
205515
27787
44124
290946
29830
89795
112997
300
703851
405602
13265
65171
159657
190019
332521
330972
193948
27075
1237475
332037
297
119061
72799
30178
456634
77407
125815
759524
132013
133963
21961
116171
62457
397769
120167
46238
6857
94346
507
850
742455
15528
44698
155497
3034
816885
837020
105437
79378
313127
59568
5540
101839
502294
1334709
92361
128997
287294
159388
319916
78187
295168
406717
961193
555242
259684
107900
51608
342780
126170
220487
56659
15565
86221
1339023
136526
79499
208576
308354
753945
1030399
791831
446028
222025
1000039
599402
354813
453654
831850
343813
234749
1585
318034
7022
60812
1426712
4421
458160
388072
1500946
230410
400214
210580
260351
648307
71620
89505
2837647
116805
647534
30958
84093
487757
2181271
555458
1015577
96913
50266
109830
98220
5152
56606
79289
464454
151220
657368
811716
84763
55050
574808
531132
394412
433364
2039
29
7687
2391
326720
667562
89185
310398
360359
99170
754443
496434
190457
87870
695593
531322
214898
195812
36285
61308
55616
27979
936136
162618
41387
85245
5345
70809
216830
5698
4997
134399
26017
650032
20859
529870
525923
457848
223356
24599
21346
43437
226439
173270
180030
110298
79281
220101
483212
113199
4
195635
117477
37007
253276
137639
818504
133178
776054
720619
57929
187736
296054
2519188
360879
34261
33264
251458
46154
75177
884985
152459
333103
35249
1344046
95133
95805
8168
711921
147230
497330
111846
51070
95234
261855
177160
98800
236338
69389
135518
190920
1034823
182775
32444
69057
69015
344376
1976
240
316212
176762
79189
341802
614
131389
206952
36214
1214124
276069
114590
148116
14178
304
555082
402701
207567
65342
28951
13596
66939
20093
32163
38666
30106
25520
65244
657220
54825
113677
17309
28457
53348
105271
65062
1661568
372554
43824
361708
511898
155208
125622
25138
52347
329409
90270
1595
55123
783779
113045
14466
159418
275863
49307
28471
132182
76386
22726
221045
775523
128289
251717
233599
1570816
450655
886515
300150
69759
204720
81374
480272
175392
419352
3216
289238
544587
542042
624852
2132978
66356
80063
105333
1319330
212716
811991
129523
248151
113664
402064
751957
268860
182249
228733
1466215
33637
109876
45066
17432
113047
8712
23211
37371
178080
3843
15687
139443
34600
202290
125546
31312
220164
130702
92484
19635
121481
62739
403334
178885
296589
69677
182457
3795184
25696
63658
155715
60484
209852
329219
175721
363985
586126
812550
122837
1292488
151752
208567
282189
853588
74078
336132
647362
856835
217883
597027
759401
15640
822790
203551
248935
55842
88074
72756
234397
9358
165126
2457
203434
58258
183034
455840
57691
216393
45105
15413
62306
176179
96677
59215
213209
232
15996
24939
90499
64796
323168
142421
95990
172166
89330
928373
27349
48657
38735
26331
12538
62104
72538
36635
2136
4196
11090
48657
1774
22028
95432
47859
40048
42306
724175
211591
1257641
22328
37815
13060
42847
40829
17844
298554
10843
51596
18059
28
76736
64582
153023
16415
10442
6980
10676
60994
338108
214510
3271
144387
96083
242530
241244
523497
119319
369699
242265
1170671
85607
127134
308241
188311
674337
642199
1032710
194614
401712
26366
295454
65625
346729
885158
133417
1380327
590
67900
108035
158866
734008
107605
187919
69565
82791
14315
19593
320687
56084
123325
95906
176948
105313
1123682
799388
41732
108511
37717
149810
540478
1194175
689937
616200
712738
50942
90655
330076
270008
21245
270143
75496
369388
1202695
335570
783199
1280653
271797
83245
120437
1488254
140821
10561
60
73921
859767
1089842
851965
123912
620505
438947
1209108
803213
1348977
480426
1667516
17906
317546
98467
77583
341789
51159
1118929
486070
117482
7036
164994
179801
86297
247417
148847
61862
184338
3131
163209
97942
44207
13064
870554
461082
76064
493616
79800
48419
5503
228137
280295
90836
1146918
356880
274497
372929
83721
24270
389700
57306
333954
1715443
312695
3140
144914
563929
56790
47196
356006
26757
455825
452224
270212
9200
229657
40590
145624
847504
179300
703818
269243
543842
80751
186570
161850
12897
72597
55284
138776
80599
43009
160277
32664
3764
116921
435533
105964
162015
311
25907
81354
19786
52457
31489
184900
18599
39713
49300
140366
32232
103348
126891
4134
150513
1061827
213949
44
217433
597846
208113
1302821
183506
51211
52474
17486
84236
417264
285510
342580
565328
1027
35404
130136
1827
58754
176661
361514
708023
134
388170
280609
149419
4482
97075
24163
21065
153780
133112
46125
296058
9990
29895
19179
85814
42644
62285
28067
172780
46819
350911
235084
4848
45312
18622
85229
171283
124182
51704
55228
446375
281
35142
51028
40759
9715
50173
104400
32208
60465
442699
60050
278530
512690
77957
2643
704928
910357
119029
89869
478575
358848
96746
521479
22169
406193
213901
391339
1193950
107857
163464
92279
891656
171227
55894
60637
622536
17483
185593
42660
135959
23769
350597
330982
44108
320588
75961
173132
50655
120640
15151
74016
538446
46494
127313
188247
73905
1714
27627
73973
9380
82426
1020002
624182
258494
439439
673568
456025
37799
506183
41110
72099
274578
425458
761442
251933
79676
80277
173082
253293
130607
249922
103360
216468
29269
648622
193735
44732
141512
268501
220042
590772
161138
109325
530745
591322
379969
580926
1054305
517078
742986
459918
35751
228613
63743
922376
182235
201893
121054
157985
208269
2048361
219219
573290
78366
15406
53643
52953
21993
169219
36281
2683
28214
8473
12742
34824
5493
11134
1239
16645
48614
72357
340112
199686
211444
993061
1502267
108343
140383
305216
59666
16370
108466
196797
23122
57106
368570
188362
406385
332053
147762
445241
196222
602
242532
133394
174678
69968
5791
427395
475879
233020
202805
58334
3833
58200
23244
140549
74842
41039
19439
1073948
675888
412799
226270
290884
89915
139917
1965063
279820
441875
274830
5007
201437
365443
156330
297633
849458
192464
229755
224780
114120
245364
155237
1539180
152429
44804
1934730
902257
568452
584278
58431
470464
346051
22302
535963
123027
679191
339334
333919
2356039
215952
126799
988235
326634
25640
110925
299471
1049055
500042
7984
317835
1125421
701657
864767
287783
468952
252109
241982
989993
787236
454796
116765
30406
8657
54963
1720567
122465
235347
934006
417313
266355
883025
203538
579875
298613
1681566
21982
17890
219316
12171
310562
558092
348737
809292
317935
1474499
215679
158857
56120
555274
759761
300023
172869
283560
256559
185020
351349
107182
135273
154699
361627
191664
1979982
89823
67942
9281
97466
178721
269983
14242
314
197782
39790
95396
194527
18716
25570
14515
324247
111740
15734
10490
739068
52373
42037
10060
4072396
214141
44658
90148
313636
380931
202423
705743
280694
858935
578164
75567
761192
46
114035
517011
93388
117141
89826
115854
72818
723903
2302375
13433
28032
53974
140885
362567
410307
1453
32494
46803
313747
263250
134349
235944
136246
997902
475538
64781
225060
9251
14237
1747
207593
225
13603
73458
96306
377519
712449
26349
2054
102619
53567
30785
39124
19523
80118
50444
195304
19023
113618
1621
48
129526
601938
13788
313
625406
59688
113642
1228078
896431
681811
387528
709999
569742
108492
609897
644247
153735
49072
70111
49161
21903
22160
83908
61407
67492
54466
100898
77335
266672
197021
1734548
338354
162596
113116
54201
66081
17622
125848
216846
59675
49341
48837
14286
71896
19702
36541
51571
331112
221250
76395
4783
764141
1263028
120221
122505
881428
40327
5439
209196
429580
50
330777
505669
754553
189208
645325
1413911
554180
843984
5045
144180
47368
1237471
2451976
417096
255202
42417
9550
105868
70845
69796
93081
51792
7595
108946
24131
31031
76292
208912
217870
20084
62891
164330
7520
64601
26128
45428
675456
42697
5529
360871
329799
42576
240270
6741
34225
99516
1242492
725573
30698
268917
85248
55848
22970
186718
487697
506346
407528
298
113557
1190119
8518
8126
206311
8740
710993
435909
267771
142989
214723
546006
463398
320296
158347
19582
224438
240388
658571
20596
89655
290674
78216
90066
76493
26816
196206
29274
48
66731
63368
110551
372890
53320
7057
150352
26666
363869
83686
25625
150765
21014
1079
59379
19858
27934
266311
942651
99740
337602
156445
685240
12271
207905
698508
36366
62751
21542
79142
338317
206692
19326
714125
7135
32670
27093
194532
1
305128
102459
194721
82004
2357
193728
90263
1385340
86402
22148
40175
57090
45209
54603
30891
19884
111830
47887
310
145019
81099
20016
69988
89968
12551
112806
4646
292774
23634
20903
37641
4832
192525
112819
108281
62650
169790
66474
9786
3548
90487
4156
4665
282752
156601
216342
12899
633214
12661
223561
172607
105144
140905
191306
17087
264837
181699
16167
18841
578
147595
624663
168960
1630436
311991
937991
54486
196217
843499
586689
156646
1495135
290558
266685
1009767
485766
391740
200650
125322
333276
134474
128
170413
12441
123179
291
15762
48882
305518
463289
40100
569426
63754
6697
74812
116033
21061
146852
303327
125171
129830
78141
78051
64627
702122
114950
148226
238826
222570
495437
66916
96260
7684
304673
995967
656770
131497
207202
203598
41745
259405
261410
717659
186683
71932
477088
475439
291468
18044
937212
29866
55824
308729
237670
12928
4776
122963
23691
144385
1351202
87691
83064
78384
35704
9204
5850
122900
23611
76726
147655
293
24014
2860
67887
108160
95415
247014
31528
93716
408
110633
17348
44593
220075
6238
41096
114990
6127
19008
45856
42060
967082
124749
43211
23630
270385
952409
157949
264413
114987
30303
19861595
230682
61859
96577
1290
237327
608783
61284
1333137
136589
82727
188820
9899
37
98570
300
92200
192300
142158
32769
133212
185006
150235
54741
87408
160568
108296
53755
50477
343835
93390
41824
47382
352094
562628
539908
72901
466837
286979
53885
1264639
198700
281816
365825
261158
117575
497578
123312
393693
104636
315684
27879
755525
163966
353250
77728
113716
452253
459026
309348
118309
18048
81046
27381
108924
590109
119944
378885
35683
511273
163668
397962
40239
878416
9349
128363
172016
277266
128862
440081
223189
779421
508986
303512
51963
25747
2559
38531
24378
61154
28190
46409
3048
19959
77740
80391
64245
178498
36488
106761
55056
11458
32083
136259
42544
71090
90508
590613
90031
100497
304
27812
101092
189139
27102
70200
117467
110107
255257
110140
241707
216934
145240
97696
228258
6484
153068
754812
138828
9493
47263
155408
685397
97296
2099
175521
821917
1126520
99737
476540
40435
330038
505334
83642
136432
11777
139772
157583
91172
69589
34004
129282
39032
750870
65820
185052
31674
11895
22339
8092
154502
3288
318554
44611
46933
1231676
914740
462980
92415
157999
8540
151711
13428
42283
89172
330684
160779
190258
369338
136755
918089
255847
72716
1265016
12989
123553
54503
6781
117671
100405
2176
132904
75888
751118
841021
145098
470384
14867
4418
119659
27638
727412
31355
332867
105564
70152
295665
152196
48619
90736
100191
40923
40172
96423
86709
73219
12493
29506
4524
19659
111789
463454
54834
65737
51731
157557
18257
44741
164923
213347
70991
104090
144258
191111
302487
72240
336398
147086
18070
87330
312476
26107
559269
378482
589247
62023
1209732
28963
14125
355851
67504
103928
748601
32833
74023
192746
100679
13361
146017
401852
212242
266910
17196
405405
20811
86360
239280
157128
10216
11831
6489
17333
209900
99502
24907
7342
16566
166682
20134
373616
29635
20929
641
71996
10821
17840
173953
1260229
265028
254825
486660
61025
275541
75332
98331
6828
230543
37621
42262
37429
979581
33917
82987
38848
987964
296722
237854
362701
10273
41030
81518
260843
96131
54075
110076
22911
258562
178119
188210
84232
28677
16481
21443
693591
67639
42868
114281
70975
35282
42847
124185
35102
77683
79648
332663
45993
42875
410292
194412
153205
30959
213480
24141
1328079
1481645
702039
39062
74048
117932
153041
81291
9045
32564
90693
74717
140394
67045
25702
50623
48142
7468
60971
1215389
90083
345006
359565
18942
485773
136329
701131
201931
463618
59373
105115
147959
59459
1806956
510923
202440
598278
183926
17826
416074
6986
1057613
297770
610761
306239
405457
6365
101628
209855
18902
39510
2007
26316
485348
335692
92823
156413
24738
199305
21661
29858
1150
408728
104295
152539
82147
68888
9783
305
107470
129148
86967
145281
21544
86610
156587
9004
17048
149684
98241
467860
18792
129402
883
178564
24718
43261
30104
305
39222
277130
759875
29210
1187
662099
53769
182937
169766
704981
442257
152206
93170
264715
54640
343026
83605
34889
267
34162
40172
30829
82210
95515
492010
282110
136809
234363
20344
106483
13423
826357
192503
80819
8622
19783
131991
51784
96230
47
4898
10235
331218
372586
208517
20858
19827
711506
95072
5369
23725
114992
133362
298
352404
231754
67354
40471
33336
68
10242
27903
68
10238
175769
10237
66603
9602
59455
25957
159025
487
99093
10283
68
162106
109565
11033
93769
48464
76555
116771
78521
255647
10223
32475
10273
97948
487
141791
606144
416916
116123
59754
157849
41830
39294
155042
487
97536
10291
29248
10259
349806
111450
109806
27610
520655
76077
133302
189779
380520
380177
105141
67415
307886
251194
13925
7268
10473
2720
385253
25450
7286
10300
2718
77753
294838
33068
3547
248667
2720
10481
7018
4892
695160
305792
415705
315386
224709
2749
178395
407557
104059
57085
106948
376278
253633
146311
164419
380480
35175
441629
15096
99572
444040
305515
199835
11
896
10749
37121
55728
13829
4983
10297
2709
11502
83152
5046
22981
66932
86969
2723
10292
5046
83382
11521
2710
10315
5048
46767
86788
90852
306
2266
35829
10286
5052
34949
279684
13869
7190
13208
81280
6398
10446
2719
263794
180268
95621
27319
16907
133364
7025
10443
2718
233576
112690
40186
8964
35880
12404
80700
21248
2953
646493
957293
200746
988804
103061
699396
625322
613387
11111652
80335
77664
7487
49941
177312
87808
720429
350228
43412
211117
1175995
255173
233839
31847
161327
546932
66994
1295972
46836
261447
62840
90677
61608
241369
365077
38579
263
167410
48953
627790
453337
1192385
613794
194760
186588
286339
72728
152091
96728
97215
366440
26543
11975
131838
160680
174139
58862
150051
247435
303230
166354
456051
379372
227512
211468
931328
184853
80811
22605
22694
1047418
1
252925
7846
256228
126667
226335
261089
522647
314797
137254
962946
476876
155932
30
21
21
21
314813
298606
121233
95760
113252
147083
132706
48065
77251
98202
28101
370370
12104
12552
39417
13161
7535
23066
58249
64587
88632
36065
99176
311
36106
190638
27241
36581
281080
1236
146381
108101
83433
13190
22027
73509
362059
6943
47218
28582
761192
171337
235276
68046
13030
37402
116524
84504
80212
861306
226652
231938
266403
23951
667545
5024
40375
108533
49707
11156
45695
58882
54574
26973
100727
53720
34405
50996
38289
11181
104420
34839
58884
64454
253119
15537
60703
10235
168808
114516
720188
490393
60838
381513
68521
162435
500735
728223
4624
247663
367453
287609
621408
280874
8148
3022
92509
254972
111016
45583
1114717
984373
57061
179982
392117
60342
625574
92163
123000
179905
15
466221
251123
722609
165160
587858
348027
776019
20364
892403
105730
5219
93693
73241
611
87032
105526
96194
312046
430390
578247
102578
249077
157691
20993
92781
481358
47916
37536
45358
41347
83483
284
8281
32969
13049
188042
3800
23961
58193
105870
8308
50458
49032
282727
31
72122
142899
57808
2213
10953
8919
30
66298
88132
13244
453874
27152
417743
62506
165825
305265
98484
60583
39474
44514
28118
290
199796
37538
64730
64797
4873
94776
74798
30755
65619
1942
13234
73509
1609
1396
45705
36465
49488
116694
113888
17257
1136836
44755
30254
316653
90642
91569
591
7417
125623
348430
98207
306224
255207
134472
145835
227659
43441
98714
74673
90163
134490
306071
126598
144920
120598
4138
361179
152777
33976
40464
95651
378957
21265
220049
55965
36083
35377
186595
9361
69707
71080
278554
240760
148664
267003
1
128991
439484
304911
122745
21107
57406
696526
55331
368418
144785
90222
24001
286953
433832
63298
22992
195103
41374
5043
7717
24501
19044
2657
213735
3566
5397
141990
85139
253994
170996
23852
52168
18110
167965
26195
63955
30747
2283
44735
175
10876
20428
4585
371937
25517
272579
209267
335970
44137
122077
24162
31021
18939
2122
53085
19687
31129
67182
21463
352833
21576
9892
30666
62797
108223
91660
178046
220347
334957
23993
3596
8657
54255
75907
255885
7695
60774
82605
16425
27485
134815
19286
159369
92605
16406
436034
242719
4954886
268370
233709
13497
50353
238250
59240
162176
216554
115361
55990
21637
190317
150239
80892
114344
44527
213946
47592
417534
38
238617
136316
21201
27683
46605
80502
92816
2213
55445
3188
77893
88316
16635
66970
22869
238327
153484
131029
106093
116753
59268
63826
2303
113556
215267
13805
33893
2895758
330635
75983
538173
379130
340140
296615
141833
37215
308
92110
47163
57626
749
48890
44207
82058
58380
442400
44248
949
4064
61449
311687
12698
112179
2544
10528
43096
23656
292452
91368
199774
111394
203684
250507
11638
133250
147225
46180
460668
98800
314374
432498
15793
276405
298711
48776
26468
10817
20049
87707
70272
50526
98464
76743
137226
157703
18551
15810
10602
2839
90864
114166
138225
28340
87971
317406
310
280186
64497
13783
123222
11031
58346
35793
17590
9593
10002
39081
222893
108920
56970
54355
27160
13538
1723
159692
4261
672712
160333
67217
894082
102890
224288
299
40462
24180
78477
4071
953
43069
103946
129093
19847
202641
94353
207456
377648
100447
137787
11096
30903
19625
4366
12486
71661
2698
398610
128241
249734
217335
248822
473722
1772
41163
92656
30999
46918
4909
13961
82745
3154
7702
68688
23337
17916
13047
23767
327895
336165
606020
235599
173933
452261
78809
431515
650403
401708
763979
911071
199711
12912
80442
233777
232886
32907
187697
273718
49617
23986
69512
267522
89793
209459
7988
101650
42414
66888
20146
301
4626
80681
154607
162181
17957
204737
325674
24455
5176
7558
41587
4076
23793
11247
34032
256025
67311
16385
348188
26933
13177
34975
71159
476853
439137
216093
5834
6077
5771
3673
45136
191427
246651
17994
31914
13633
106850
31360
159409
113705
119641
113085
3642
515140
5922
131637
299643
46372
2127
6012
100778
45564
199802
118382
28992
62628
18815
315083
111046
598881
39940
293471
139763
145124
75174
273571
502001
54558
26093
97063
115120
247207
54078
12461
7765
18180
7109
157905
7317
35701
19603
84072
162388
12448
167157
14152
424844
131832
292347
64108
157047
296035
213178
827993
463861
654703
10681
69
94425
407842
457052
222564
502253
345956
408207
211875
253627
135643
55577
1933
37077
21508
63701
45999
52860
188369
301
11093
130381
170018
448223
29968
383425
24884
333437
51470
1182
41775
17872
15910
309
3017
32200
45619
88606
93736
32003
308022
176504
188846
3263
18115
138307
21036
114006
10576
90520
31591
115347
36190
775546
632195
15366
29513
12493
622581
461873
28730
239345
54380
156827
15314
151433
154136
314116
49183
291456
303
35198
44087
134432
45621
14804
688726
339279
502500
243998
32312
48138
78221
129868
581784
52540
112999
2091
175308
16037
35342
14458
844593
1430594
321123
37575
426744
261626
63331
214764
97868
438886
67129
256891
845092
45288
636814
898546
87524
481188
56921
4
299354
4972
10191
2723
297956
330281
112382
6126
179593
37529
27722
103045
635490
223401
138050
408681
103127
422673
26
606399
22948
42823
5761064
58406
66590
126807
19562
20359
88172
105782
106556
320145
135242
154550
256476
81201
271345
50063
80019
27
354115
27751
20016
50
79466
98728
316
132219
130228
130405
86979
169498
19457
403150
139060
365302
899595
409002
53501
98234
72246
384858
87635
239797
251677
257151
168144
58645
289953
840091
198825
289767
155439
172477
54953
18278
1126791
428386
193662
8385
78662
17827
225488
33168
49688
284849
165594
455347
68335
612900
165657
679547
68512
1188797
45174
103054
596090
193262
961663
991165
713700
457646
147321
127999
1921790
2679869
181659
51050
601946
24129
208873
20928
41957
4316
41502
17013
35393
511580
173659
21064
441115
1697731
409123
94206
493271
303795
395417
481335
306802
75071
630315
595861
342644
940299
58204
355916
632960
414000
351677
151737
78952
608968
799593
68549
376852
165857
335704
71
249316
1763
165084
170435
31287
415704
487998
51588
409520
298007
1286872
184048
505751
42863
15185
326359
215776
521694
369144
792292
1431177
204676
18702
482272
844739
363023
272333
299382
284036
349615
193520
150163
216686
293377
111
177089
162442
305955
184720
663961
65373
199052
102563
663191
83421
207230
688481
285681
230544
211308
116142
563671
744941
1417
334168
5749
303
69963
112758
38047
36094
58867
423118
148004
1126949
661855
804246
2372
33413
110264
6871
137500
260675
297632
325989
394006
37608
25915
113156
112096
79176
55718
508828
516751
342841
18350
87164
10240
70659
63045
41961
3770
58734
78090
26700
137159
146583
75326
36289
17271
147295
11642
697927
36510
14810
526489
2151
104572
32359
13254
196939
48680
25366
3180
158633
12463
71825
214036
14459
244115
310083
32544
77230
246879
172089
380121
436010
28224
71990
14388
83607
12252
119724
66400
50232
21569
50544
39871
25598
11855
7801
17354
38992
268475
24435
100644
21312
185122
205881
12405
9270
99812
16088
17516
73294
10672
146160
94193
4491
43619
80945
10917
83771
71911
69798
8733
74161
36546
37775
132065
24483
73076
116376
73381
52544
3469
31023
16475
45497
2358
1
92813
146487
6328
123881
69282
50163
110807
71659
10664
17773
116957
23926
70303
291
83083
111653
189683
27838
60
94233
94394
29569
129778
1349
16312
20096
25636
18566
116572
41397
39669
241926
30139
69511
174932
20675
20719
45468
244568
78279
99346
30161
6480
69677
46687
400
93675
10289
9657
1615
279
59830
34717
5981
158660
312601
98435
75683
28816
5277
44968
136404
21848
175083
18499
2575
17157
22005
31171
109731
89901
44808
55640
211211
65506
47914
189214
138388
316
13698
19998
29952
4218
225662
37613
51856
2645
365348
20143
25151
28050
115395
137034
209339
102034
1997
20110
218725
14320
114384
39125
37426
70506
37953
54575
11854
123844
24646
125139
46712
15769
179813
3304
50629
59828
56014
43602
21926
90221
65010
7883
80991
293
385
11534
3175
4576
23147
6156
1806
5830
6444
39625
83110
8001
6965
1806
45221
8505
37236
13639
69022
6538
2134
1293
9775
17347
15698
55511
108920
87381
49673
100682
14352
57938
15287
108941
202618
48860
6534
175144
72557
131541
173291
15305
5227
1890
25966
63845
154231
15285
20270
15913
36774
35127
132155
27932
142915
57235
51368
1516
22842
52942
70344
26882
29404
27479
20683
30054
89201
19893
58533
3135
34552
24426
25119
7568
39260
242558
1743
58764
3694663
597096
170192
277789
827288
207652
501166
163854
86638
64674
859549
41924
25697
638551
60138
53
105192
304141
258570
35203
132044
18832
96700
215546
20535
359383
352526
9152
44717
19007
72802
62636
48426
227700
175139
276366
66998
474936
33062
47597
70489
351034
206005
11945
26214
8957
39229
13447
40111
383967
15018
260432
35989
8936
120841
16308
280439
84106
131268
253476
145
179461
10629
28307
122170
37074
13407
42948
70550
262446
75223
55905
112650
118627
11147
117301
376741
17584
76873
141850
235
141270
484889
96506
49759
3671
393949
61880
125212
24051
63762
49577
83654
370792
94660
25375
178519
77806
24748
11009
134865
27746
3795
168833
121171
170494
56388
103354
85382
240390
67859
89580
71174
425109
64776
531338
153176
161374
184937
150917
3430
27336
40021
208592
24570
6737
80255
59040
724342
219256
66552
112701
36213
23679
97792
35225
29674
1850
3835
48
11747
19436
18791
85062
93697
116478
219721
2188
40682
87887
3187
168418
28252
17907
292343
153463
408418
7317
210104
111570
2850
70212
4843
95482
25747
7881
11013
6362
109062
35954
18620
279930
82010
130271
110749
355511
87875
8677
94523
515273
7203
249625
49555
300670
187507
52614
69807
32842
3020
56355
3878
9931
55328
46874
7345
4587
37754
3092
169
13288
22852
37655
87748
21779
38760
9085
12384
11688
29917
10041
27784
46037
26783
39947
61052
1287
126186
176469
26256
3401
23185
3452
5506
37776
36672
2185
146213
31806
27148
95429
54274
226004
188049
183840
114597
456942
123824
173251
12053
99172
1552
272437
33675
216405
69768
88912
571962
48123
427620
174807
70749
20391
243712
95826
41792
4019
5039
26833
3789
15363
27685
28082
97255
140548
42858
322115
67071
1418629
317169
951498
615932
202627
17791
1132507
541092
91520
185537
276921
356245
1139255
279733
348278
499589
140037
253864
276414
75360
77681
9609
38037
9626
152666
13187
107410
88816
216349
43193
277595
44523
448762
64489
2248
1067976
776557
893894
315
1067102
38952
180662
70340
75433
133195
296551
107944
1737157
90180
444725
116522
369326
536078
147327
696418
292093
200615
10258
261553
767040
1193863
40373
18667
1442519
513
430
192
29900
21550
398273
68872
2162
104425
22824
385384
154095
328268
30946
21055
123403
165319
73821
114876
107822
195467
137825
214754
265163
24998
10221
109791
138172
106433
18899
53958
24937
302298
58928
267178
714754
354391
295766
267080
46790
325690
96513
37061
602716
589431
216718
447012
70424
15521
8326
199709
42501
8175
19289
38875
295979
57809
12557
291003
41452
113617
219306
67200
73756
240087
110248
123628
20232
491504
381384
977011
299893
462332
1421445
310472
34716
134234
200235
64577
91590
12449
31936
96627
314995
10386
221372
1781394
310055
11406
809145
44269
104869
318292
201237
35407
304857
150265
266918
50728
114420
43581
129270
29216
98779
24564
173397
796368
245580
96273
111185
37086
333572
7934
253770
264
42974
44033
135792
22382
380159
88840
160045
29909
10538
3450
24057
318821
26534
11190
1852
23807
642029
57784
91812
809409
648047
1463689
819018
541946
494882
607652
810
168217
380188
43126
688918
168114
228848
8119
65147
29475
764279
954612
36900
621744
2617404
122106
42327
133111
38479
107545
64146
605
41206
41224
47001
55655
17523
60015
151
83758
200575
7476
143528
49486
67716
40451
56332
27013
38298
117555
65503
80759
508803
64370
27266
107766
139774
65969
396862
193531
3466
287370
41268
522387
156071
369969
8911
93522
51617
1904645
19405
694323
2138237
209190
705868
14166
766472
383840
49652
751955
15941
5192
141504
153047
69364
14429
455823
35471
123288
353462
587066
352371
285719
18014
1162270
90237
1406578
1023224
1045397
169186
2075109
263530
39255
42103
48708
642987
1031865
17462
82963
5795
152688
234782
16105
9424
79615
7111
85502
44315
57238
190520
325852
400695
124122
24993
91197
31
269543
52371
306584
268626
143469
156914
90822
328414
5215
28994
123728
365603
237821
486690
313274
1927208
2275248
453494
146469
529223
163969
98420
763514
141955
51735
21140
53850
305
110236
11253
81397
211941
1738696
575903
174725
202172
206590
428349
702848
52758
234519
130461
119714
85400
10226
532
101590
1536819
38462
206167
495541
472638
194325
71546
97651
601863
202177
31862
280747
217046
33067
29693
608
143803
162317
1203362
361639
44702
221679
116515
145961
138558
141146
52126
30
82341
51042
349386
90220
2708
1021
64627
32447
64335
778944
451842
251383
232662
319468
202546
214745
62838
116924
151472
41241
232636
919955
73109
654790
239689
81476
370285
752667
862433
1274385
450964
980619
531990
943421
88044
8561
314014
192067
340917
149600
135974
169574
1260883
157058
935328
57319
126495
53191
364560
251835
213172
400837
72973
366056
50495
161781
201837
92818
127436
44533
132982
341633
7769
88747
108175
51123
69547
89366
11
190825
48817
164453
114736
598036
597884
435189
9897
383869
202616
78344
39477
469776
536830
22195
42935
104877
282757
301622
831035
176382
228744
466113
142003
68554
410261
51395
26490
97989
140193
29629
561449
67914
12368
46850
141437
582970
1586
12556
553937
26
809039
287039
232273
564903
286161
817462
111043
447599
631793
803701
13295
68410
1199102
11753
5986
70802
490997
313745
1306794
425649
1
154561
333830
97518
1636916
347559
577232
725809
147378
306984
22951
548060
64724
54276
80059
7128
187383
101933
319473
9288
42348
116317
257468
124103
140070
160874
231533
226075
182049
381569
27106
441196
280986
44534
157216
591850
480449
166632
3074494
33169
5995
91881
107963
41776
134632
78206
379563
1134301
155708
966376
278354
112647
280236
19267
165997
386870
174011
261491
132317
780222
51951
1459110
34546
117690
1100379
459453
50579
14821
30895
87856
1146154
10834
36775
169348
100885
182016
618749
224959
99694
99171
90226
102486
72784
113574
201549
156043
45614
74028
6379
63695
153515
337054
881824
338166
122202
55634
207944
286937
101617
7855
446355
571677
377948
414621
808248
41275
791810
50226
156766
90474
40103
641209
148729
124983
186146
441193
106929
639738
38
1319248
252892
62362
82542
615772
1606905
110721
248012
406856
451729
1037086
190024
921858
64122
276310
4796
279774
583706
135350
280576
400342
273231
163154
218016
629955
57632
40077
326953
240203
375075
450758
486407
193596
678966
1393570
226657
18630
404111
30197
522297
211363
97204
437869
53485
38558
4748
23971
990465
153848
298587
560231
248158
143177
1192642
614003
419470
4896
19983
5078
74695
90727
92556
43
3017
55728
12782
4962
89791
112355
99839
237312
110986
31414
18893
5041
97979
65367
131011
103829
537681
842823
904959
23110
12409
155609
46792
12313
14113
333656
58489
184163
272962
205854
196651
117575
202536
88855
269695
84074
6357
82819
638857
639873
49801
1179342
70549
1245034
1036626
81617
262391
160533
259708
391823
27446
136015
425075
113309
370875
380548
297820
12767
390743
56387
85833
10391
50618
438890
944462
98765
85867
87405
162938
12284
68934
128460
461874
169065
166138
71223
65559
20850
55351
228631
259361
254875
666376
328300
74624
58150
44104
406571
330300
43456
357579
189942
339240
498344
589314
47121
589685
6140
492529
381963
363612
762783
578730
4326
34239
264744
310029
408249
366590
518393
313035
85565
9167
4507
136252
365187
510239
315758
23140
8868
146410
87600
94458
3277
47464
511730
348673
18812
23431
64946
49218
346716
234079
10574
166260
354628
124020
375155
126156
395880
996177
687786
278433
547215
683577
11303
118208
8247
147851
8766
451444
181483
469725
1760526
85008
227418
1
132441
35225
55103
322052
84751
207328
46002
65141
617505
197571
409699
142125
25989
561290
46219
104414
65203
71675
33511
626382
37239
11048
61985
212188
63950
51783
64578
347434
96771
57800
228992
56040
33126
26811
195
334714
160145
41113
96511
19525
182459
158765
266358
502323
397061
48229
1223845
412134
248096
38597
75688
1032063
504913
877516
972651
799414
358671
97983
15565
255699
157936
197321
395587
537331
692045
12994
948947
482062
506516
42891
212614
22450
807185
863424
1355113
707913
305644
441790
1065739
1164655
65755
198966
355667
61633
221577
3356472
22922
1060868
24112
126731
909262
120342
295
10700
59641
332187
62180
98774
23463
111732
149514
304
170732
125984
47118
113151
104973
87337
220525
21180
52061
84116
23912
1065
22391
99752
457713
26896
38521
119732
3335
164187
120880
18753
422000
52845
267519
110317
204346
22051
29142
134986
318218
90695
116151
25690
124988
62926
239921
39202
34835
112307
286737
298707
849619
213273
281
1250947
539676
48337
351059
88443
74660
291480
55459
250863
230073
224646
423271
91766
260802
18568
389254
197082
68848
31532
30990
20313
654727
586821
56114
28169
70622
538671
82209
149305
72719
79983
1274893
141229
2695
1859
144277
522665
789467
82343
65491
14705
62087
37537
19584
55629
84118
301320
136569
267252
88585
493392
32739
292802
78157
227444
377335
46176
49085
15725
37535
138994
5257
14008
13855
5431
52065
59090
13282
41034
636185
189836
203002
205786
119301
199567
19352
15105
19695
720755
108450
68297
1582589
189466
20375
33396
332585
125420
480677
515225
685462
902078
117339
367817
381207
691300
1211100
430568
896284
155391
194423
543565
1155332
2497753
42873
22934
395573
425001
101594
61020
68760
865372
224478
616743
1109821
40045
256301
156761
81186
10712
23144
15682
327796
733923
719293
15346
686394
551909
385642
23127
1526791
620635
225079
406228
102487
1331724
139824
363524
347410
114618
595380
533040
38307
453525
515372
150774
475048
83720
126967
309444
114324
1296833
171416
4857
50086
116695
219138
30702
67465
89363
14048
111066
18853
34705
175267
76159
32452
8852
9549
345507
70671
277600
777760
36116
1225473
987957
358100
11
97553
55555
10566
214547
288350
226626
228654
143131
129316
516654
857583
772504
13864
205257
336208
151865
109226
264010
640156
436636
380478
30595
436778
137148
897145
49661
215827
156541
159448
196052
319732
39489
281000
32052
113858
913651
63236
14073
81632
117797
66519
3347068
46797
368851
134535
316612
42679
300366
123014
8902
26695
202286
296475
69635
17384
15163
100749
29060
46718
46017
44142
136718
27065
30186
537911
168673
202174
3783
42903
76669
285233
5085
586301
83778
345503
19731
477017
94038
211339
52985
21116
4900
435036
42913
3827
58554
83263
3791
41310
137669
31636
33341
83963
67930
371116
188959
632530
109763
93329
172983
132285
72582
94305
134545
50556
290562
285553
8764
85649
46278
15903
86022
117845
381612
627838
54819
282974
300357
7632
156507
353577
266924
789821
65416
96465
468325
19610
164581
189365
11986
119653
64977
2706
55777
188913
142575
177872
176162
487190
41716
85599
33003
21272
16466
52476
96153
71509
115424
133264
34828
105132
4709
22247
91129
28029
64889
38630
36
33940
14439
758
52511
38896
950
217377
367688
103540
92676
38630
26596
345464
31533
33425
226160
501089
91083
124657
103876
474091
319673
37950
21515
197936
128715
180835
254956
156127
227747
166461
69096
108184
38499
56692
80379
832632
69089
231532
96100
19527
1341
77205
310
130224
108948
10685
48416
187579
76045
35
145477
312800
86234
122093
18359
82173
10316
104492
130539
313656
197260
104185
141957
102537
114235
219702
137891
12301
5363
90336
307
43407
32673
12591
217023
8935
16298
47326
90439
18800
5415
174602
75913
10833
620729
329173
55223
767265
47168
785063
212523
219983
330545
190424
317898
68158
465522
327084
10001
109302
23168
1105268
655
243732
117040
873925
86394
984090
91040
6160
200053
37197
1252
14246
170753
247773
268096
1383080
586998
144250
83743
845570
700332
268431
107313
214883
103043
1998525
281509
280691
136540
1004390
134796
438756
156884
293643
279037
17590
44078
75598
2563
643194
318837
111622
210659
402214
118990
138885
151077
319500
30439
11476
47836
366028
295086
385983
961153
148906
107947
253102
81867
63317
147433
86866
283478
289300
1037494
249657
647662
112161
236068
211794
1233412
136791
195873
150341
868682
148597
64693
181862
478683
54038
1146597
402944
9758
59728
10259
15030
442834
911643
106402
57198
37313
362786
334345
1200977
230392
1793
20961
12135
1468573
17885
22940
1041176
71661
51329
979022
303030
235875
20309
66049
10773
41109
1367
98110
311183
135057
104561
40345
108556
24582
63668
3379
76554
3194
1714
208606
8956
56161
1295084
888626
887510
872413
33176
98544
46461
99469
369871
61739
255982
65111
61751
169321
109369
887769
48351
202960
818264
657677
26165
758154
1228226
186532
31868
1032323
1870
129094
168348
26160
952616
612210
273071
42333
26968
434852
128405
12840
6980
279375
167569
58376
36442
32574
11180
300
26451
13727
106520
9095
87620
97256
3670
118138
59560
33898
171892
13565
7772
57971
193465
87097
24846
174220
1
105870
51924
13891
9948
295
39097
31318
2638
6473
79045
27775
56010
105058
331263
1203
635
7060
9726
43325
14054
46541
11058
48
217548
7206
925863
216122
30718
6785
4075
252386
500424
287867
101242
447381
181809
7893
73245
137886
26334
469322
691031
874263
95940
677968
174714
331255
387411
332144
153906
202036
132661
438278
715599
373591
1
1055711
478831
523819
299698
171218
136764
545
324260
1745947
4311
32734
781023
11336
247127
176840
259434
18966
210581
536749
139304
1210164
281918
983659
1188142
816036
226558
303753
1145146
78433
37412
246068
627589
8192
323068
86022
602423
450680
75660
301
1791147
658539
1141268
69215
122765
109815
1401728
504625
428993
66939
23820
678585
89597
1397720
622519
1520203
616262
632838
249789
637811
428616
705804
67716
810897
3670626
49808
85174
1741516
152651
242542
902749
1910471
128911
182071
948805
394930
74896
319441
679627
74293
93074
827915
1843253
26829
66356
467170
563243
303138
894806
12007
6456
689602
124811
9728
356841
574607
273043
212493
218330
6491
19621
246529
191106
88093
504726
2000030
44389
610782
364584
168123
133617
358436
173350
2785645
827692
1688073
163500
383241
200099
345923
916488
26
79040
206092
447420
85966
294117
392004
299633
30419
120432
59060
1405763
472002
649132
460553
738938
507476
809730
11526
16477
514
19415
4972
30
9768
192648
163129
78855
59875
34196
23022
6772
33610
386849
425060
301
1091275
141122
87716
668299
49601
113105
34195
269457
61930
352154
149111
67441
281886
37366
90880
60964
662746
114813
669849
215217
749199
183249
126044
7011
432405
51713
1048512
17413
316511
80445
386247
29791
50289
9719
15731
44200
503156
124524
540820
1079716
305436
80125
329612
23703
93765
8432
158723
56988
170824
641922
245487
376474
1200121
59333
74198
596980
476224
306782
184279
1207766
235662
622205
276411
135957
124120
141971
211669
189458
337218
168992
17
17
17
17
17
1731212
110853
365700
322639
456106
94735
37839
333413
401675
72288
568835
331853
320006
374143
197948
5375
72404
9611
11769
119906
631543
339104
102955
12854
1127676
224007
55979
146486
1566646
876415
477905
571234
389785
813584
132210
1117919
372492
55028
200153
101140
146035
56204
1325
26353
862
1059354
438429
154877
225966
370795
233271
290576
584058
188729
202135
396839
70799
242009
37227
82068
149102
1269
112077
1036916
152009
156139
146530
524907
65829
807239
254031
316833
381743
102186
229792
57983
621723
736372
324515
698914
176551
855679
265378
590682
115643
203936
218086
65856
823941
384906
75867
5128
29614
62026
65721
167765
425148
572230
496354
218381
12507
143810
41123
287330
10731
8051
26796
117405
71572
183308
64899
2821
123114
47053
559
287944
13586
22321
211380
255647
169980
2553
389367
116130
34178
126659
31602
61335
27896
99127
318607
221490
127744
46710
176376
1270
33162
377063
687268
180751
217268
231428
109461
23321
116921
67461
561765
106339
301447
104698
149199
21858
461581
168082
203253
23997
529232
1548179
85209
417581
93688
858006
39910
36195
428749
305516
673752
45396
8217
35732
39395
131650
199953
123332
141587
2632
82121
122114
73210
51078
108654
139817
58360
313538
51187
6477
26302
57190
153222
115230
40028
71001
38188
70232
78574
100807
169612
78693
47141
50656
111151
70548
542672
122280
271
37575
165604
259026
121077
270661
96069
369531
1140372
999387
510970
270498
531807
510606
559550
338684
258856
120673
850737
301
536947
300
885608
178130
742069
1312526
902664
578747
156432
310213
84816
556489
218834
85767
48435
276174
170175
140080
144526
199047
55696
247067
531035
108757
47943
147523
699522
333838
148550
154600
253804
228024
303439
577978
200199
126175
64677
491072
370270
281604
606465
123213
1270
659468
89768
100793
247211
306
387367
368523
351567
698307
224819
278901
32660
18065
20990
77974
35183
482273
169749
815998
262848
29814
260759
205760
78535
135892
415329
205295
226754
229727
966875
92675
187127
48290
170552
379557
250119
1122265
79691
214090
20634
1596950
213018
337720
1
595323
422204
104215
35534
856789
62039
16226
182924
382169
445493
276699
206315
47213
147850
9380
62887
71210
194350
11285
63054
26276
1429
524
84448
62832
304
10692
23924
6156
304
17590
35307
176662
277778
74115
37410
32092
336195
280051
177878
4228
504136
114028
64441
83363
3151
929891
433282
395098
333097
198127
921652
168990
1075993
279
365945
659858
1093
89066
117149
260766
785234
256739
18955
271960
19239
3039168
43568
1489224
190661
331569
238180
313176
128485
53372
8158
417692
944395
29967
45547
48733
17514
1135
2178
45999
5935
564495
164921
408319
671031
38228
1537033
801037
139364
326911
112505
174800
215040
1056085
16972
73003
4093
143101
699765
305656
59523
700930
759536
138988
162540
445660
236139
489447
238967
113186
306747
1402057
1066221
9054
120035
55842
24745
133303
25647
6013
528064
182541
36907
77229
4103
600897
228755
508263
3997
103939
60966
915478
31012
670097
619356
197137
7890
358
39714
38964
63690
25483
47595
233121
110029
54202
29941
105949
27895
1367819
9537
824930
485028
385
94690
1720704
20966
569339
265232
513324
180636
307235
161862
56895
50302
627311
574697
250900
114502
18724
17658
429679
444752
1391254
112642
67375
711958
387615
315
21458
502435
886311
20354
1414753
264683
240128
871921
297651
249769
77282
694514
279259
139998
262044
193513
324120
1328411
1292622
494460
135347
43589
50640
547481
23691
2150703
72901
126557
78115
190563
119836
177840
118006
237615
341608
305785
91858
656782
607694
803257
138645
175478
19089
29150
283799
14576
621086
296600
227586
273027
724521
170571
9616
750846
55940
547158
69902
4496
89971
28611
52409
314922
268549
7338
195086
43549
157081
935433
144983
297137
36916
37503
72147
550098
8381
60234
37734
15495
1012646
221092
848786
580109
1675462
368832
36599
1162470
801649
1131428
328268
187610
667993
155749
20379
410008
43506
156871
74737
69585
399826
8335
70372
147869
222102
708997
549262
837977
83308
1080821
716127
433790
392
18793
9339
120669
84899
101664
338671
66649
6127
253129
611634
513598
177653
301531
413432
174503
1024698
83661
199173
627333
620126
4996
316632
191497
188242
90741
406526
738566
445564
597680
62136
367900
235173
48
10851
100242
461841
158352
407887
165809
257164
22822
235154
54088
143964
54881
82839
86775
1142532
1110276
655010
569797
143634
916884
1077643
450208
158608
226022
152882
1001225
420873
304
42846
24832
72575
908633
255437
1159655
840960
66994
68656
39263
65245
1195476
10649
987766
79629
741790
92121
71571
159609
375222
83868
153867
138412
50013
189021
5524
37240
100913
326641
135849
209865
526508
358966
635720
638473
32
105499
102042
206098
142749
224279
89916
541497
515461
297409
5374
237167
162338
33984
81038
3432
388309
262428
264761
274927
433266
382552
20638
56556
1483812
121788
81585
15515
32706
21793
320489
200090
29792
212963
253142
492301
1647904
2346
203762
285546
122679
118385
333401
140644
160969
341066
34096
697285
234335
640648
714347
201920
9192
319349
131051
361990
920017
87951
89911
228356
410377
233474
19252
415897
626338
635731
320740
328053
542375
656276
3115
707319
976757
417320
217434
883403
1046448
314486
204828
12451
131055
151277
163607
198481
232329
1733
44006
164434
70471
53492
58384
224894
115529
76223
14470
65278
125909
774652
157268
15043
14389
275863
132715
72990
722522
356802
1509
147977
314833
142952
55973
376880
912952
416212
45154
256012
601409
8609
2035225
27344
210155
505147
1192836
154570
281151
49449
12014
293793
2316436
108186
529720
478680
1070236
396578
389885
775129
1712776
329019
300060
99379
248021
825638
4313
558161
70272
355973
138471
108162
34
14203
59646
241
5927
12990
66027
499425
98738
63974
42893
1142703
209882
174253
292663
652857
341918
523993
109532
17326
96062
857262
836448
307545
22363
2455
799616
207143
80945
15710
147291
420389
13824
389161
84260
20183
547412
547726
1226978
424788
656314
248661
568364
1
440140
871225
457908
58273
17880
25081
91088
56773
114531
45
2164
38618
70884
117685
120771
68027
153485
370
856554
402324
81680
325378
845495
580651
443679
229128
88341
59637
595594
138957
58800
42823
17984
58455
11537
234915
554727
83607
103848
317575
17760
223425
518923
34
103324
1107804
167486
15214
83282
3041
10048
228203
78092
1674258
259288
45046
20987
279815
83772
161818
255648
2105058
4990383
592004
5144
78745
354233
1218233
265786
255155
162494
180554
933518
285472
14955
84272
186099
40980
189725
21180
6190
161682
320939
135127
443771
5231
33654
137823
884356
452912
132
511043
44218
1492248
231377
36232
658235
333295
129567
426683
20477
7284
72504
93361
401804
906451
143240
630
466458
30
387241
524622
44953
10276
196453
227378
308
914616
260652
746416
47776
14934
205680
942902
52320
36935
87072
303544
103537
96728
17883
24828
94687
137045
20498
185940
96925
17786
24781
30851
124515
95916
24482
17832
95668
136582
20498
144675
165896
95910
17896
1140175
26
146741
347038
40197
117589
222049
89633
244668
341760
397916
340014
270865
173891
172631
6721
120554
722751
163136
90905
249327
107229
22970
79419
131606
21601
194445
132057
12688
19656
218248
221553
46902
58901
219748
110872
54584
411459
277354
100105
43405
78
258742
65746
2077
14242
36671
43168
34369
348427
485
121279
57601
8363
305164
41935
419400
590104
85989
17663
234844
33166
243348
3687
145964
244514
147246
561137
418740
3923
270013
78989
351999
593011
113143
799600
116319
718147
91846
300499
536520
349349
493795
549067
949668
125155
133906
297221
142386
232853
530951
859767
381091
4720
95716
46
1798220
67921
102039
976749
12990
796351
47327
9274
235559
87983
276704
318667
968495
428302
89497
329391
822020
108223
26535
1708947
721085
260622
31587
329864
19692
22115
173965
240517
34270
513614
77431
120966
387711
504364
35998
239264
80859
578039
1300569
501991
106222
489198
207941
316346
630313
28147
479999
234265
315817
338382
723501
285661
51328
7097
309574
308191
34166
464588
88029
869493
407272
697382
544084
1042296
695514
309091
201353
33442
352194
190313
80796
144484
778314
75700
2039860
340244
71335
1645035
1270790
936809
321815
4631
114697
920895
62717
110343
272423
1087099
963240
31612
190313
698089
293669
52207
283096
220753
85081
99280
203107
249372
42254
268019
106786
880490
26832
50225
173051
41017
1303
104585
68884
21726
187026
154921
196974
1160909
78103
1741816
137743
18533
41055
46991
3330
7921
20199
46209
59151
50830
113129
241455
65280
172882
68985
94020
87137
11507
68821
95578
20480
69421
20614
705646
5018
114441
56073
201779
2020
4089
68431
19280
270874
136757
50687
240769
362
33366
22232
36662
10033
28893
519872
50462
16777
11344
208483
278874
87511
125131
1078649
50428
350241
304049
794744
58107
186699
366893
113378
19384
86196
120077
3494
79256
112400
302292
73628
308953
303516
701646
216066
308535
705319
23851
15437
31157
136255
176139
560818
18637
900804
11770
1218781
1193490
723881
3044
303234
40543
59951
224020
358464
402909
1092520
153010
42284
327893
149948
35424
33916
128729
20298
44252
956116
277767
24842
789608
25852
125122
93902
56977
5676
39349
302324
65290
426416
637484
163644
765833
534835
13862
169544
77858
993548
146832
766231
90914
410771
239508
254971
74065
580167
462594
52
631798
145417
1398121
1539537
53699
310657
155230
52212
241245
6871
78325
31432
5247
43857
37699
307
41214
41086
154436
285497
98006
84193
629969
164793
139014
236453
188755
134607
134299
60192
101226
4813
465221
46259
342629
292244
103786
43645
129585
233595
53180
652213
45851
124285
82245
194549
46311
45143
57121
49561
103464
124878
156924
1874
60398
282184
95989
72208
188129
204612
188093
215426
77080
93159
1691
4395
130015
53648
375951
1
156712
66674
16799
29425
19810
685163
69395
618160
171678
261030
48753
188419
331608
1417817
222043
252224
104750
761812
464084
27182
55874
95199
395416
69718
912799
167259
28
81138
57907
107208
211545
105223
46279
118818
40043
833396
683
226653
182512
245864
390787
523435
106705
7167
232659
2653
100982
86
286422
77592
78743
299789
64874
82530
457284
532371
302618
44141
299107
99113
44831
738030
18200
181551
80731
390222
152250
315205
43938
61319
84728
107946
365419
204490
584748
563361
555697
23321
131738
20217
366728
177913
230798
1568360
327786
85153
279122
583
21617
551114
69330
37871
77347
19877
68666
4348
504
75784
17314
11415
43132
77254
58066
14743
11578
376814
116176
422426
398767
663855
18749
54
167157
300711
29255
726850
458931
498664
36830
11781
10690
166139
818
130627
553
127279
285171
206516
30829
35717
52900
241293
254144
5751
25314
10325
201912
77960
594383
109122
54459
38890
35764
102770
6797
588987
108697
534338
155023
10200
235474
3393
167842
101430
93800
111865
81732
16296
397679
33509
202501
16190
51711
4134
199839
18357
71941
127428
271968
304969
88492
219705
107550
15661
155792
274692
28866
424726
54582
84419
85952
17586
25780
240382
370763
156048
59359
26116
92776
8527
344159
76611
76057
859
61563
159778
209718
42100
98572
782
68706
23897
55022
50512
312533
76409
31015
189280
59176
12000
7912
12739
58993
256266
266550
209036
283666
355576
122680
287989
76533
1007494
556547
1045101
35286
327646
601195
21909
215729
92951
89779
351284
7645
436440
101885
1058984
621328
107368
242640
100170
118289
269164
972993
83811
678837
293139
900057
110585
177775
1706043
23791
611243
586805
210453
66877
42058
333037
46
166878
1099939
8971
993834
500734
5935688
289216
941975
97485
415664
175629
101003
406526
709976
345344
1176270
1330249
281580
129047
292515
166914
602011
495069
113764
69639
151955
943346
861210
235100
75696
645965
119511
19914
40312
22373
24403
29985
7229
29890
145958
49153
105960
1682133
56878
109906
739960
35131
148063
1421586
202620
556608
20043
1165717
399668
269348
183647
172887
751405
523158
388156
485024
161573
73039
41571
2044103
58676
78306
761141
149237
870120
27169
579804
705902
39952
269325
259868
399624
90946
347
464750
1728822
144950
138393
1266896
145486
268627
204134
53536
60694
901381
139701
687046
232809
720311
12353
14946
28165
429337
140998
1583382
1834928
763395
830599
1430097
838886
36890
559940
13396
363937
228228
380487
32854
90211
11987
184189
198099
91027
339177
378968
94975
15611
13537
96929
532210
185211
630959
514278
490844
83308
10382
179822
102176
27366
260004
230382
119878
114342
1035022
205284
295284
605812
1654026
761654
256428
1236584
482942
451983
100356
195602
477845
69091
1884403
25797
12814
97301
10749
182500
616965
537638
1252223
85974
35531
428964
75557
538697
725088
75478
43602
333932
376571
97943
540359
5275
83545
15618
105479
74452
529673
46802
210983
180187
182729
390632
454145
1198214
119644
272342
1227507
282660
63483
995596
56646
265
46920
383271
318867
24778
33503
26546
27458
16719
101512
222531
564478
651678
4133
1282
14197
1151650
510215
102664
93796
146063
316840
213133
2976
126680
30773
49678
520656
257993
328730
573948
3326
1406445
360143
283703
168414
797751
340492
57596
72640
174037
811072
431691
359599
1219499
766117
181562
92375
212204
866630
120458
18897
28428
57057
82856
44626
32691
690558
194154
33799
116272
183473
508679
5242
502028
324277
262763
1716119
267362
127003
162401
38696
70824
1203206
145079
85345
180273
170935
279201
108863
308
212485
722645
177913
249962
50444
3811
2122
52066
144684
125186
54738
143572
253209
34663
338523
86027
202795
1513176
163618
22390
128863
345986
972152
251604
35629
898859
459091
339583
499765
478360
46032
90709
25009
661177
2827681
16253
354403
59382
445245
11419
152941
311666
274209
247751
70907
4449
1297015
287056
156014
131673
249629
233176
41614
5305
50826
115660
30960
215943
61135
11793
26593
34709
18505
108512
158412
62350
47668
1584
80557
16629
100881
10879
13691
34566
66369
226797
49361
48914
98350
143131
298
434249
70682
370157
383770
789582
651956
148942
281077
1017024
3993
31728
117644
153812
89084
359091
616154
499048
97887
154982
310767
620563
107283
626879
146828
736408
215333
834028
661290
1289685
289483
676892
413279
1306619
66089
5
323899
35394
160922
71837
342014
259585
106831
76602
473174
107690
98433
439983
129886
580982
97489
313112
157796
41964
559744
197672
32723
10835
91690
84068
1050134
16341
740447
528915
84041
345059
684270
12351
233073
942762
1308429
79857
206845
261724
226522
710980
651215
535579
94653
908684
469336
302166
566443
152951
354253
35
283257
219124
78772
165742
81301
316794
200182
425943
91821
142030
169007
42192
112769
25266
61630
51801
15141
428741
191499
439727
609980
33742
322035
359106
67537
479229
46922
591133
234707
253395
77245
53760
108858
114665
32014
6015
45888
52280
312
31124
124537
83955
469974
198721
126953
239425
619137
624934
6729
179683
13711
78014
59559
45843
186843
1322360
290891
330588
122506
341255
213700
269792
283254
267116
3251
35960
134274
43013
129647
153490
98647
1268315
32566
227701
303427
220145
59452
367064
223901
79838
630650
12773
47642
153044
15902
145687
138486
7712
26687
4293
2189
555117
237140
197695
95714
97826
507908
182684
5232170
247695
16087
5923
93306
5976
16075
98149
95826
200645
135245
23479
56722
150943
7018
34311
340760
17661
135333
80407
119201
331942
137901
310
330069
181753
35269
142235
16916
248804
119935
255532
41578
15137
134582
2298
4399
55290
60410
145993
31762
66238
65546
154246
36889
537183
254681
6916
332839
115780
82053
582
432052
360203
400728
474240
515615
184105
254043
78182
225197
677881
24797
78323
148486
9852
58760
24951
276658
269458
57018
307780
11793
95331
198742
94101
89567
10455
272178
134617
36129
228104
57970
44759
229191
289898
93863
92433
116846
152035
11048
133520
255931
276074
386631
542509
35387
99866
16688
132204
299996
377550
175398
656577
738745
29953
766920
150602
136268
1036219
974558
249129
285754
370455
267263
1572
1006313
198748
485249
7819
80412
664249
695563
52029
497256
974410
216803
640352
456630
249177
1116684
207930
170770
86741
69642
402942
1573565
478871
204671
6977
1404963
1080445
135927
549911
112418
62051
80023
3106
16454
64268
222183
205308
532799
37379
29364
5914
194609
105552
188726
158130
84927
26618
83917
10254
12350
22780
25076
51138
147679
312
73068
96311
217804
50705
38488
211429
50088
109669
61314
103776
115612
616
250905
769552
68555
217896
710131
1081067
85486
196721
61468
95490
34020
3756
15589
14627
2012
10432
2889
36400
16437
84178
74253
254561
368218
105392
638773
257268
125850
179792
4478
155811
28503
80093
96256
83236
364015
165768
541944
259333
1741786
43575
379758
115859
203922
397620
599569
16070
1902747
160345
716658
45842
365707
875613
70193
102579
445561
932761
510020
451265
1445983
1108673
148760
249300
100054
102403
314651
628035
138456
1220955
184931
118498
68738
10375
491874
800726
16384
121291
800688
25972
861644
304
51829
47787
18339
31272
13596
132897
16089
181338
168082
39216
104989
49589
119515
48483
14949
120103
56354
28613
58804
55504
227332
261397
195624
328870
67063
3465
211417
142891
1269
15893
343644
113164
131146
237977
577355
495387
130662
19258
252826
431194
307819
116905
4142
237195
356297
175246
326363
81722
11692
17809
197094
1336005
304697
478571
175529
262997
5365
39273
50196
483806
231442
72893
106406
94094
105130
287380
130
442285
130245
19445
47388
129879
168902
162655
30933
609625
81823
93945
24965
1579280
731353
871285
371625
263101
92919
145425
1154263
930793
575128
480629
74656
43127
11547
8766
21214
85364
48399
23153
375827
15530
661650
547184
166188
224694
160255
117526
605394
214882
72625
10522
8900
59728
1682
46786
100474
17857
2555
20833
842019
22947
8558
332679
351841
224944
61852
636116
516733
352338
297251
746625
63086
67923
15064
58049
400654
1182721
739874
1006018
208852
44578
148568
213689
347264
435810
113312
362374
497847
969603
878912
997426
355301
491924
78858
167550
750906
1183218
22524
755450
617071
283586
301
241686
301
586809
21364
50570
1800325
38774
17386
335687
280469
53431
121391
73684
305333
23353
343621
299395
140561
96973
175683
255359
425428
49861
163031
658188
23017
374
241460
27032
553696
208804
96918
166739
168983
90147
1381881
135558
149623
271049
50715
21574
115646
48762
189765
765278
436543
280849
479737
617750
124716
145852
451464
295875
83901
218263
81473
574773
45970
527406
214258
171850
381969
125731
103371
310594
986908
325601
213284
218698
56699
350858
161391
628299
584284
360052
402609
35753
49372
752486
139576
569406
63282
489561
174991
188079
368771
906485
6343
259840
555474
79643
65928
99227
5372
9175
216532
137733
387739
1220974
128489
608365
142266
428043
42574
181169
313618
9359
160673
7616
397156
66529
123084
46890
48172
53605
28614
68118
270610
2676732
813817
333845
95306
472554
3473
811803
773768
105629
1942526
248
275397
12952
236765
176563
108279
482692
466397
409360
33197
160560
82449
167143
14504
24671
1305
120615
168262
42987
158514
45563
197397
369585
260316
524921
9083
158231
813432
112156
237863
559992
1645113
918539
79427
358616
590694
663401
422340
265892
687691
218074
666270
298069
158016
703591
84018
15346
86731
64221
127165
36
35060
521025
282322
101376
185719
76056
122478
150557
1632945
51206
874046
23082
39330
29607
8182
243273
461224
775518
752646
262801
75914
399855
451149
148592
62506
173969
24328
78057
51655
43175
85180
16837
7198
979910
755434
1341193
2560165
102024
178123
16888
192022
186808
812512
263030
49261
495423
131127
425906
691795
6269
890470
9799
441741
565444
871550
194617
109526
1054996
232682
59732
106625
137439
592153
283038
953086
1616021
184591
48586
342315
83387
23031
1615956
105758
63154
755169
40177
6971
71563
44029
23562
244276
321
1890908
440329
72706
152697
64136
1798
104147
248087
932235
105082
236525
78273
593
218957
242583
775997
246629
43531
19317
5251
72113
158690
222469
58050
875048
445652
89420
308
774861
287232
1502978
97641
627419
502519
16411
195125
779757
669667
180899
587695
397011
1618995
565579
7905
1984313
578584
371833
235951
275818
1217291
129208
556058
741984
34429
111800
11757
674188
556489
580386
85453
48252
116342
55470
38473
190614
374160
615273
543206
116082
226539
836902
273695
695705
548470
668124
137975
286578
219216
356667
51688
64448
335351
91080
147700
23920
44381
327039
138637
59484
78869
25451
45126
24834
1406
216264
171483
383174
150421
721747
119662
32953
471689
175913
372764
2349551
110465
953874
106737
348665
255080
431422
1841859
328893
644926
413243
607384
225117
53011
88300
635055
95371
290459
120169
64535
157247
260912
115052
1658813
369827
244033
320864
14740
330461
207221
126155
168784
247938
56211
143044
103977
113646
6370
233175
325002
10
20938
46520
91117
9
69060
74181
32708
48044
65232
303307
144622
20511
157063
97274
24800
17447
96859
104045
235492
94655
17897
8609
54445
38895
35764
102771
6836
589057
108745
526673
226470
10200
603033
611411
252816
274907
71953
127413
549493
16253
710
533809
46802
210983
25009
52386
241147
618724
20351
274818
52313
990386
19141
201200
468405
91198
299990
121243
1330266
1267271
29208
150833
78976
68821
196384
60182
36148
43877
8552
8648
128344
20315
69313
400849
896528
115169
289709
197558
833551
1113223
1120437
1104737
41965
157388
409596
141131
663431
595553
139588
132642
52455
116869
135365
1193036
60982
46154
336728
153932
276363
101290
960006
500297
31947
148100
422914
1145668
933232
137779
60525
330408
539570
61327
278805
841482
65916
458908
911286
109934
39315
556178
811568
110614
358187
363575
1073134
891661
40621
615273
796078
542393
666040
151438
1079156
102877
8459
61141
65261
6821
12505
81942
5348
17298
303
29854
238574
4437
51914
251842
784144
178855
55919
23666
186201
192931
24849
192370
65373
5960
96605
6614
42500
49189
43472
8471
3234
28193
211075
240005
256945
70971
289712
55628
389897
311258
20471
73767
63130
180465
155545
27010
374530
13806
204326
68776
619947
150203
134566
166281
41851
1018608
27461
209972
183027
130433
71209
492672
146970
17873872
13811
261203
13547
817856
633704
68739
313719
128385
81575
99965
1059628
144055
128364
156024
39034
288423
316713
327094
107318
150193
620618
68365
175848
13817
180190
209968
26985
155917
1020437
529385
810
337756
825202
546302
778602
218386
146071
95343
30439
13413
123465
44434
141213
195064
432004
656911
541015
336366
216409
116909
977310
8112
810037
181650
5297
151922
8195
94683
214582
3
28413
1244489
500830
101762
33836
130227
711714
74105
190703
306672
318043
227786
446850
80771
18136
10382
64361
14556
205108
245263
63145
1219176
103596
104469
64095
79175
72099
38659
156138
102787
614123
201927
292622
330552
327405
128453
26877
420096
76778
154976
42333
328530
70656
114341
10134
221937
41019
157075
432526
22609
14230
157648
21155
516257
554330
49313
598151
235656
4181
760780
16720
640546
259448
164205
97145
2237
250078
109967
216534
33022
21120
94383
271203
726097
12557
58580
163605
122327
407759
13680
43738
331062
307715
36548
132638
126395
12915
110644
183346
176018
590122
77467
18670
277203
96595
26245
53025
107446
264677
130695
186841
101209
66299
486563
31025
29221
276084
34282
816
666891
383874
1022181
8070
432832
631100
682046
1419778
176809
307397
31
366190
1371529
72066
471812
216888
4543
317
132224
23185
235340
673071
282209
256295
433273
287712
159497
44984
89
219153
17573
452140
321371
300810
549064
408905
62144
640621
142543
58011
196029
46220
348450
28763
282206
270161
177110
13243
12004
5563
564739
115793
1206476
816980
305714
29
387751
7149
936940
35389
267071
76401
65451
19213
379011
523647
469151
99246
17079
92569
83724
16357
304725
61534
73366
445040
92823
606996
89041
45565
377502
1548843
184433
90370
258615
28639
498058
78120
5385
2005
453706
175935
267706
18308
15357
95852
64715
346128
30996
76744
143645
212295
36854
261501
145451
139622
79468
15462
26633
47039
23635
90963
7290
274595
177163
259607
144349
243157
227127
383887
200836
47754
176760
23815
277797
314906
523495
314045
144358
325711
237959
166496
615711
277765
71579
1808539
257388
297
94148
613429
2006
780712
4
75432
172397
20202
11421
6850
336574
43824
599771
181859
264413
66916
96260
7684
304673
225484
70991
9901
33
98550
310
95662
43088
35339
96117
54363
109841
726478
198701
281065
366288
269784
117563
498405
198637
319160
104636
315766
27883
754843
164511
282157
77726
113730
58431
67353
40474
33337
68
10242
98841
487
146605
19284
25895
59473
9596
66654
10239
52418
66631
9600
163631
10289
68
162147
109584
11043
93769
48434
76575
116777
78366
256976
10233
34332
10268
97966
487
141718
18902
40670
2006
28703
883
180523
24718
453066
69122
159982
309
15656
309
3017
32200
25816
9960
368285
379130
341586
296243
141876
37196
308
95277
47161
57628
752
48812
44179
82045
58016
238777
44212
949
4063
61370
312055
12698
112179
2544
10528
3800
23961
57114
27189
71188
83483
284
8281
217198
160316
67206
87803
13266
16314
8001
6965
1806
45221
8186
23308
20455
13668
69087
6538
2134
1293
9775
17347
15698
55511
9152
51890
19007
1467
188429
115617
114452
453964
615000
949784
977321
951870
888163
188658
113557
114795
454831
188670
492983
85321
91996
49577
188644
191177
114874
456852
83712
103496
162358
134545
50560
141944
95430
156986
20497
177398
20517
292900
95445
17894
93978
109975
54317
38856
35946
98546
6793
588997
108761
527583
154941
10203
235514
3393
167842
101477
93617
114654
81808
16284
392518
33516
202463
16363
51720
4136
160744
18357
71970
127540
251848
298815
88474
219028
107544
15649
54461
38890
138642
6797
588933
108684
524671
155003
10200
235454
3393
168281
101471
93803
114919
81708
16283
386097
33527
202508
16190
51708
4137
193427
18377
199780
268869
310133
88509
219662
107575
15649
54438
38880
138643
6797
588613
108614
579876
154619
10200
235466
3393
167855
101426
206246
81764
408779
33516
202500
16367
346874
127443
379731
311565
88488
219831
54459
38893
35919
698760
108677
768326
10197
235472
3393
363664
111840
81764
16381
429119
202512
16370
51710
4138
199773
18355
71951
127508
534180
88505
356603
107530
15669
54449
38888
35765
102766
6797
588921
108676
523942
155012
10200
235477
3394
167839
101514
93964
114539
81771
16290
395458
33515
202520
16330
51709
4137
257897
74765
52545
247906
299949
88467
219839
107579
15649
54366
38893
35919
102824
6802
697549
524181
154608
10195
237772
3393
167834
310375
81814
410129
33514
220915
56147
233447
71952
127489
357762
302132
138466
219146
107591
87644
52702
19057
323519
193357
46762
148951
20731
358589
8119
118607
84241
34706
47546
164875
164875
37856
124308
164875
85189
48528
295
268213
211382
26710
346868
1
1
22038
24198
34915
84102
67144
54034
10999
58932
229482
36505
121557
34897
270215
31968
1066075
831968
239437
1232487
87704
705894
251534
119513
903325
413816
35843
893196
552870
153907
1062794
1127781
48411
798487
526609
384058
1183161
22616
1447117
296614
1337890
26327
353380
45539
23610
36914
282542
68023
30929
111039
153090
624375
1927583
470103
713749
410517
47630
84589
26448
7514
499580
166130
188630
283223
68728
156625
8767
1355681
8940
74230
67998
97202
167157
114246
392671
6798
463550
64461
331605
33984
17732
164444
185424
545469
37742
148971
535345
558609
159320
241130
2108
142309
10943
101361
145576
532891
326924
799393
274567
232075
194558
238706
133088
370436
27267
566249
68577
216668
187702
328814
141604
37672
349323
1472052
68929
301945
275264
166412
1416762
64784
13586
148165
86880
30254
111000
249
115366
203057
14165
116571
89103
155114
32376
3276
98707
9520
86302
98349
30352
378326
60605
231365
670151
106284
158021
289263
399730
764152
25850
29829
66904
46598
14750
63674
887416
378820
53994
37594
60854
91771
107809
264307
195530
86507
140206
2673
218467
108910
420847
122591
18786
47144
43002
3445
35876
27303
50484
12013
48153
461088
231130
15910
553097
62538
988319
84210
102071
33798
628177
1028828
43887
52721
11993
10268
11993
290379
422401
207839
39382
126000
143535
213777
137770
69767
13030
38679
64554
50348
587667
708704
254166
107652
23783
705909
779132
117425
6043036
1528852
129788
1467136
945386
390369
452519
285616
57035
140474
295453
626666
340304
302772
32541
157497
137866
14398
69468
41329
44870
123653
460038
1946870
7553
65766
647399
1081137
990419
942206
96585
48796
93418
31164
50947
2750548
216522
560053
545611
106950
409077
509111
2399289
693077
444195
1067276
388821
22563
673812
428538
921782
841296
1609702
158519
281943
805712
1725325
657931
286626
75978
327307
12515
246850
88202
38680
129426
129284
3372678
154695
43773
85091
132519
23556
8595
25717
37440
29609
142223
506100
652730
221366
94178
314160
378125
438372
77739
34496
16848
980733
120996
118487
627130
56590
872569
706511
42181
1924692
731032
74221
1390291
356023
1513431
598163
242750
68840
397951
1056373
488537
1803679
130689
314734
100559
6430
343237
140699
14365
90035
83620
7283
4362
100821
39479
35511
46641
536704
39590
2314
316913
348747
882527
627212
230179
422005
509873
23993
41145
298720
498779
1833266
37123
256835
211679
671573
490087
193518
157129
940436
437108
5911
117919
3683
137359
24395
54260
327052
122169
1379809
124737
832919
161530
51441
113221
790235
359730
182604
59476
34375
7078
31325
70764
1169937
395085
114826
79316
5173
116495
62034
28132
2180
598064
66641
172849
149105
217183
768217
427102
1026297
331983
19589
24993
229330
36242
565410
58117
1259
102121
195932
419094
517299
421397
112236
201801
578508
40004
484922
353959
450302
819328
49185
259258
26686
330828
1828931
2172378
479138
166484
345687
343336
5631
576648
235224
659568
519631
51539
317179
564042
124308
164875
85189
48528
295
268213
211382
26710
346868
1
1
22038
24198
34915
84102
67144
54034
10999
58932
229482
36505
121557
34897
270215
31968
1008705
181486
11846
653948
612728
33
367357
171861
156021
281502
156830
37
664760
858890
1253084
165442
147936
37
20106
37
20170
43
68376
33
20140
35
20119
31
20161
35
1850290
1044667
61813
36768
65803
32591
66159
138919
46917
283474
58522
34971
115188
2029
58686
31916
334753
5528
314142
164370
453693
327346
1403393
554923
166062
42450
18838
322407
208176
353942
208177
163848
86551
27475
14495
56438
14495
27478
86554
124841
61580
27
44157
516092
371914
417706
2468
308884
3923
90588
25887
429239
442634
2063701
201881
268014
145537
986752
145526
267987
201845
278995
274404
