1363432
597
1479674
1729864
1947767
2473228
758527
322166
54671
240827
1862183
3569331
1610197
2221321
197049
16554
1277450
631106
1224301
20369
1023116
681082
112813
678490
1140730
544511
255349
1106416
164642
38919
857133
2710767
251898
25670
113485
35236
97227
2280647
687386
3236028
965727
320036
862637
1326867
2839747
979286
861984
123974
693406
4671784
19178
1220182
1267366
4298548
713859
651557
200709
6375724
264064
1292754
8343684
139078
422973
3274387
4268148
282840
3702679
2092045
399888
1579854
1040210
5603419
1335621
3041307
4516063
2830924
778685
3564388
4720332
203517
22787372
1184660
369891
317699
2255010
1574285
584014
107764
1081983
213109
108553
2162692
196233
237563
28336
50456
8083140
1929515
1655801
1238248
497265
482902
3115657
1659571
4058609
1564105
1693630
2419608
261425
2124783
612727
5815501
1101350
402206
93549
1349126
1095827
2132031
2776709
939867
1015459
169723
1265834
422983
314241
1454836
894118
334994
4012859
341603
386415
3408562
3296758
4504020
1072751
1442526
2820668
2103293
525944
494721
7746842
1699912
1401125
193989
1975159
2024277
227769
38536
352823
386370
998347
1890758
69377
57968
452808
2957051
755652
2230805
605560
440442
3727562
162933
2155676
2067247
143082
3044521
1979191
2147545
9238512
117395
4412280
645661
260431
5241229
1118689
308
5122984
80571
4185234
479743
291957
844643
6236398
191933
1160678
162125
192976
2569990
302098
1077866
1465836
178927
5627649
6956752
1873051
534559
7683049
673257
1558148
1707172
220853
1100
976601
12172
219356
950631
5515589
1905119
1240585
2567287
5068418
102212
583324
661576
1072569
32
3289935
2959682
2827419
385360
85056
5280694
565139
5295530
605939
1243536
1569291
62358
433080
4989179
3434032
4851659
594670
5823176
642217
988083
1232534
4695324
106589
222476
860130
257201
153080
2247405
10903121
1280051
318960
265134
534419
1679462
419795
697319
124145
34789
378934
1354720
209237
3578079
703595
318676
2659900
1971680
432781
1784488
3145685
4223265
2137966
6889241
33405
2127565
2190328
862408
6128127
158157
4064873
66694
2055482
3035463
2149978
347178
1122230
590140
2097959
2505928
493187
1230625
1789164
2282767
2171353
819592
543697
4593582
307624
131596
1687983
1499260
2506925
1074805
448170
1720465
2393426
2378597
296850
4207590
1093994
6205518
2105592
46474
7095439
1030702
597844
105520
153826
1767841
30885
70641
3012412
213062
1449812
173061
145740
3807422
2023781
2432424
740910
61302
3623238
2896404
4427818
890672
3189840
433212
2062675
18159
152484
10098220
3335642
2883680
4342099
2858783
5591258
6234252
454262
897468
885273
976098
14056
175587
56021
49580
381474
1325761
1447287
65134
4087799
202905
565191
155471
1805834
1198888
411583
2077112
2432595
159253
5208586
1789344
31002
3558626
2893691
701714
6674631
1044873
806803
1159682
755427
412324
729014
176956
649941
9641396
325228
3206759
4360206
3467615
2581385
2638627
3580130
1514079
904436
156003
97093
942984
676738
203057
782960
1828434
1293500
1841453
152338
2857347
283839
759568
6579811
6039561
1808985
481447
2652306
2877105
4661518
2631891
809996
18435
1014000
72519
732105
1528119
1293379
111295
710796
163273
538425
5264428
3218275
700222
213011
21148
2367381
4836474
1013140
207765
2543928
2330203
28203
922036
37312
25191
456549
2298182
1825529
265964
4067403
258524
31906
371779
239
1778755
3461013
6355149
969815
2003687
874844
3958346
5494083
3107304
584600
29715
2979
167599
649602
422193
3274990
678272
4429538
2207155
30
506041
1183608
5492705
189032
180920
444596
1158095
356210
822328
33248
115553
504033
997959
1003418
1827202
1524495
883969
1216124
762061
2053693
601869
110746
4980666
4479971
254261
1415362
5879452
292358
1292052
3482817
1184322
4124806
2100234
188714
1866262
2698157
11034
1252490
772982
1273784
3467723
392018
1091
1768877
829468
672307
824603
9590
467409
162985
1203924
532679
572582
1204725
40
121315
1590716
153222
226697
60253
829691
1950217
113315
3209672
1167278
81910
319888
1303634
81668
1107162
4354
233506
826044
178849
719897
1836330
613837
1353293
2608239
821957
1136136
914233
123153
431110
16129622
2832111
12218
1311598
1546598
4643177
1034152
103183
8058333
88745
112239
1484659
733798
432169
760082
966053
1588925
1323125
636076
251261
1958614
12998
3931381
187120
9598
502426
1687870
82843
3567520
231396
545450
186849
357703
227417
638210
565570
2284624
1300486
659377
142334
156663
1061960
796237
310221
860582
84654
120888
239763
2048795
352848
1412094
929043
600533
2455315
1076202
1051257
6183946
1603081
870921
242524
337741
357172
320120
932452
623800
1824711
644297
3357896
372571
1241798
1778917
173791
2200705
268637
957906
1745938
894926
2213250
976305
2652826
473075
114974
4608565
1162195
1012248
948851
340088
269172
51170
333
1282861
3255840
397998
92232
3364916
507426
404376
599820
249946
397729
1129722
643341
796691
324015
1111257
3109999
647364
454575
292013
4693656
634710
4438204
8158583
327355
202002
54274
4101780
22199
2463664
3659868
4792274
1808779
282382
6999915
7257534
4515113
2731029
1919042
72879
216
332596
110782
6286157
1007650
76268
2707470
1822301
2657751
117
219749
769798
118564
114451
113265
380576
1200799
215878
76401
507841
166327
1723437
674165
469919
343216
354804
1032596
804316
863386
1240
70888
354567
13210
235458
283
466861
215118
188854
623950
317243
1035593
98894
37
583612
663233
1084692
109313
531774
89567
932243
224386
409558
158274
241391
84969
216736
60134
306692
549275
475113
172212
178776
39033
2454
564145
212403
60767
541119
449660
574082
263762
4687862
1656829
4944939
1020595
232154
939641
11991
95487
462188
642350
38485
598074
40725
867122
99406
2596522
2476737
55462
313812
39806
1315779
476605
779772
366217
186943
16530
458929
525724
100690
443929
1245793
712525
134659
216023
739716
338158
157834
226962
203452
3501535
248473
156196
1009
3393781
851560
1576292
3101797
3233424
2560848
3925214
1680826
7350486
299301
1353821
2041784
308646
1504052
579494
5349
42690
3364077
458122
1116937
71650
1545882
2171800
4936685
204295
934639
209727
6944185
546140
193024
1938423
242324
914315
436706
3416161
518260
517180
448284
358670
6995255
2163583
3228192
2144442
1007164
5766578
7328684
1221363
56071
2536193
6532144
4361713
509136
1631293
2444069
1442717
862294
3669377
3379781
7450
950380
1942422
226862
2169083
8470521
58831
9511971
137593
3122041
3972184
4535141
908682
7139672
749821
2116853
128304
891929
5175941
2863202
13769470
1655312
1644447
1986674
500685
973350
822576
2149680
1301443
2050513
393659
4542373
508679
79986
3077519
351130
293549
60911
2309055
5605060
4550442
908956
8102521
387818
213802
12162819
1078529
2984359
1689431
5294433
639044
8122822
85069
673079
659865
419316
524167
247278
510393
134757
5407145
393020
1961210
1026811
531507
4673659
2030964
68113
10865
240098
2805851
2671525
6414655
2549454
10874050
598564
1924881
54426
990717
3785665
2428679
3421048
1805280
2443955
2065421
301900
249276
1617104
693052
1200833
1454921
5337806
2624669
145121
2701895
2916642
463828
3504189
646
352126
2347870
180750
305
1296450
1756848
3588481
235297
1755149
1181992
218701
308202
516401
41404
2114767
27406
198026
734110
1218177
1104598
1905444
2953639
144347
8445173
1773663
2079113
302
3682385
1024307
304
3494774
1974155
2256377
401730
1007317
2682812
210583
10418
4604243
37607
869218
1491526
217516
904070
1349290
4008294
1152874
223864
349482
255431
22343
668847
613672
301
2007421
459213
438305
640011
4466927
10002
5081916
364374
6681611
1639478
5839455
7867459
3454618
7378740
498808
2898541
7979810
1505174
693479
293448
3549601
614649
2108094
911848
1512048
2131380
66513
1238139
232766
2623558
435127
798675
28
8025387
30189
3237090
182562
2353040
3279736
1116353
5142165
6296743
5347904
401109
6048503
1333400
6440854
3796403
688820
131985
2355833
1214561
339409
16790
605707
4667
874008
3874403
3672422
2955963
773723
1621520
2486516
2087239
6009459
3115142
1308038
3256947
1354721
1490016
3689779
2208918
642373
2448919
6522724
434386
1276996
209219
756111
2177578
1300823
1082927
3777838
104163
8106579
5984020
3163628
268066
282593
516626
87189
1266618
589945
1975792
4725351
651423
412891
2415061
1425046
3777353
1349277
1284845
4048117
958289
616527
3162556
3506166
4032166
3890590
2540153
16201006
5776561
3883155
538715
812289
4969505
867612
5220691
3628965
1770509
3019412
523500
4408868
4729881
1354334
3125559
6868421
5784590
1650034
1312344
2646287
257695
2155046
875139
20633
236962
4411792
2531503
500454
536639
788710
7064037
1665343
7531
675908
1054933
7996217
9354985
5640944
599580
8522265
3681199
2203259
1832435
68767
1252619
3202222
1169614
4145201
4972623
2333792
5083507
700429
2713675
4200525
1835312
3308556
2000279
5297119
1335783
4909725
7792656
3192851
105665
1076961
617931
139991
4608608
269533
460199
906336
1137925
1572479
6171472
7054831
765317
224585
956313
7008766
1784925
3383236
1049369
816008
4055243
162966
1391468
341143
19401
750054
793083
758650
4572103
2052432
3911624
2290620
597689
924447
68459
2545070
1446154
60426
1325925
499271
2751216
38039
248129
2231129
642528
661516
410318
136119
1446673
1455110
1325541
58291
161007
276867
458469
1495539
167367
5150183
195661
220349
1543621
509256
1952904
1147059
3564717
1439749
2031349
2098532
2901520
7388610
9398549
1204233
11179077
541461
8948887
2428328
699524
93466
6609624
3527177
308014
2418057
6425807
4587715
3070687
770223
4259441
374116
3181115
1457269
5230844
3693775
324940
2545079
62874
899853
2955986
1445485
2012175
1153121
618335
7806843
145242
1496659
1768140
2734045
217196
80077
158223
152196
14606
736280
3246352
2422457
1693421
2458444
5163008
157858
302097
2861167
4564743
646749
2171577
221585
191518
3643600
195196
520256
128024
1115303
5979734
158426
5273514
171126
1024498
3220080
944231
2161721
5558110
307
1105980
133116
792584
194347
638969
536973
3086
102148
62741
162471
829575
630363
280860
3444380
576219
6636
19029
442537
420123
796663
66987
294289
44220
772561
2436854
160143
3038821
958842
7713691
2453546
385248
2802795
1829904
1096400
309130
1490150
470680
381640
2224103
258287
1938095
301
346625
2324185
3344182
1394918
3642860
651475
8041167
3501682
1534079
45505
462333
1089723
2206549
2666848
1545383
2291232
72602
266
1457325
1228527
2256813
3601189
555711
310549
2669156
197949
4462410
1609067
440604
8132678
1005256
1035343
4355039
183568
2350318
89352
3895232
653234
3361997
94550
3184754
4142259
3185392
438269
2711035
1072696
46627
3468634
1574
2038
953778
4179315
2720005
385362
1727110
2051651
2455527
5202134
814112
3336386
678154
3331948
1460275
1539351
4243254
1241475
2600563
9416831
95558
2263414
2361005
2335117
6149883
10097484
2122317
228727
5903218
1306160
472104
6888107
9703515
1418626
642613
1135955
889671
4752018
74330
8550676
709094
72105
12249351
1407470
3742691
3086289
6992281
19807290
9226760
390384
363305
74068
250066
11065779
442750
402115
1145249
132793
1398964
6158534
633891
3991421
2291728
3965380
91075
153630
965052
1748107
1516963
1440876
2338043
2783865
1006409
1710742
524592
2690522
662223
1449614
1452981
328870
1581679
1847722
364225
1086300
376971
367677
2088656
1172817
49420
668860
3040920
1754242
81913
319741
2347803
373000
68367
85029
68997
64397
135002
226984
134888
98034
156779
203705
135262
135235
99317
203312
477413
638432
654860
410251
136136
1405260
642444
651911
410228
136144
1432194
642098
657098
459822
136151
1441421
642304
740222
410286
136155
1444618
642412
651193
410262
136140
642292
651433
412150
136139
334312
425792
327204
294006
94723
27174
164607
200323
231539
163962
97429
2064754
4824324
221521
4670420
1389073
1906694
3108226
3270421
220729
5783962
2713457
657046
2110916
314393
2588082
1219667
2789714
688473
2367825
288092
455209
1220926
1482085
121984
73972
658536
2637392
1592980
323645
626220
2610980
12973098
985439
698277
8942996
3133925
9390425
3203627
960361
5103076
894498
4989776
11531525
565294
771727
8426892
3078113
1328037
4727029
1696963
7233930
3253085
294006
94723
27174
164607
200323
231539
163962
97429
4252632
2319699
729436
3850206
252071
742848
100708
5794602
88660
1581598
438649
550667
331043
750919
68386
2654290
68388
