103617
176274
90152
24786
18075
211229
23941
337152
19728
53356
37347
94559
73143
500707
26024
4386
6634
23898
36946
21286
11477
307
61252
54048
74178
119881
350
1671121
681144
258971
1265678
28702
245073
298
307
93274
64684
16390
304
106556
12096
2421
335185
119020
17835
164978
94179
7891
15778
1685
101411
166714
251454
32927
57674
10027
134579
91946
25077
2662
29777
236561
16839
130713
46287
158631
38905
51881
66136
60575
175145
17884
115836
41025
54016
138789
123471
125731
54556
147010
63168
177749
7924
4744
2093
40375
51645
115801
329213
25608
33613
38144
47658
32570
8796
53653
20986
296933
233019
34785
169663
181651
565658
929139
18987
581383
70770
365813
83696
206914
2904
236559
277216
100295
47118
95396
378240
11676
5
216076
401707
244637
6774
416600
15390
54220
20061
22427
41892
13827
47157
1008818
695388
69876
91621
109551
203153
375490
216273
370029
74332
143338
375630
390820
56762
12528
984
39326
37013
9465
25522
547762
266709
241648
60738
27760
25959
76575
6874
172895
12219
111794
54106
7590
102787
308
106362
100666
15477
35060
48505
7328
57021
37203
11686
109544
37307
110880
295273
19477
114001
515477
79053
34393
77955
157867
257923
81256
113029
83964
13958
23282
68255
22710
52807
308
20982
49373
40788
29182
162814
49338
233984
21550
94399
53815
41286
35485
106163
124694
1407
250987
1
90825
195340
140317
66913
16900
6786
28616
12756
29615
66474
14476
33501
17332
30162
73099
80454
4548
16023
55751
30390
20601
63831
20989
314
83292
5355
38788
47317
21009
1006
25618
47993
69887
11555
17674
151441
388671
383995
153901
128903
624186
113304
22249
20787
19710
15908
43132
24613
38740
3212
115688
115190
21034
292951
114267
6930
77748
38276
39867
119839
27499
100831
68137
36267
39938
1325
92752
121340
18409
40708
105362
80206
208271
60273
30215
53992
1801041
79620
30260
5537
79105
119541
72683
93334
12515
38700
38926
10740
19176
155726
324723
280412
12064
169971
229529
616717
24898
180542
143197
1367
82806
303
177101
64560
563441
22262
129906
86380
28967
17814
4846
129136
27087
169461
255002
47980
201422
11869
122583
87432
7032
8809
61407
83468
217556
13266
20745
15293
49509
154482
10428
142237
34136
49988
140565
83874
80615
18581
259359
816673
6398
292633
62804
45283
235768
55798
13852
33342
221449
64917
117121
129148
28026
944805
90962
21585
10581
11341
61720
39
28629
86675
61938
76231
137240
44420
21019
226995
28380
33029
110034
7243
160004
95399
44770
117904
1959
130165
958651
93153
58274
15088
640495
2671650
197426
80539
63196
163587
12869
53805
102226
28940
296
25166
8420
620989
59191
89025
8880
37898
14773
24821
104886
159303
776
187706
11552
55454
23279
41014
32506
31145
906102
88633
41044
18354
21863
194100
12332
37056
95231
160572
147516
12912
216329
53440
33044
4703
271316
37182
51039
156712
885184
1322046
10875
2286658
216876
274671
299667
722023
87087
175855
30089
346453
174879
268962
155796
2911
287910
21034
1202232
705197
15646
55351
47332
14308
195429
51699
217360
153834
398845
769629
252136
114332
98301
64447
13800
35648
45784
121518
551547
1578702
380928
168663
52150
10555
6723
153027
905446
886002
284588
595356
512213
572207
1219889
372820
1676566
189683
100995
275127
365157
3323486
66199
9406
1601276
69710
1719634
169336
173278
449423
587975
115767
331530
1303037
455736
65761
846755
80088
976682
11352
10699
87130
114005
203891
147542
1980
153477
24870
18709
219939
36943
31170
9523
75246
5261
27338
24505
63353
295
14771
558714
36167
1099730
402026
629045
167090
322
1890623
43184
472605
24690
417875
207028
682301
721010
60
453196
4652
115382
5005
135654
783712
561048
73393
651563
1067112
207027
2138603
296990
1600429
303376
168289
183420
185621
524482
33894
18926
84020
6386
11689
81014
602263
74334
19815
1429529
109435
263000
689990
264436
190546
99188
137815
553265
304293
443499
323046
911636
286259
28736
573070
302
289832
1042480
75488
1223397
545657
381279
136345
124128
355661
31530
184124
15784
423772
22781377
230089
21402
207094
21397
229036
95983
272784
15803
24351
455567
8693
68758
449353
118695
440964
18357
672217
368974
598636
15808
21521
192903
137686
363800
203071
189616
21579
15826
462843
38113
18702
71470
176233
44
67856
3684
85191
62655
12438
51658
178211
6107
8670
125131
4344
63307
33541
9919
154832
125877
53034
43625
69926
305047
102199
28855
591165
235785
598761
240917
35516
30771
88718
80223
19824
1046
5573
52849
130990
6566
9039
14255
66510
2810
99301
143471
8749
117236
91697
2705
358879
69866
16167
144299
74411
93178
92073
88858
7684
29943
251
258585
29883
58318
15383
8096
200978
19354
103135
261963
1065937
674080
724594
1682361
187801
329715
131533
7010
567627
145124
164479
136965
526491
435054
2015
1581564
586055
177035
78398
1542683
20147
349330
234651
637292
48
1309120
321251
314949
301496
237222
88136
419424
330855
539702
1257475
206656
28
73156
2542
76266
72333
129605
26291
410548
57091
1139580
135207
123110
824676
192500
17506
335582
305981
161841
100102
34672
6219
136666
40109
95602
207261
78750
50305
8610
182054
130201
72941
85250
7587
7052
374394
425846
432709
950694
85376
456901
90671
238871
30158
351689
347807
97195
2287
150345
55916
3237
225734
332875
1070409
83931
1454
101145
971108
140436
2217605
36890
299635
125566
1209933
554842
273535
929239
801285
548905
1869814
474620
13147
2211222
113138
745851
250836
606066
264166
136945
63294
297263
68276
4192
51992
5481
55098
47344
52542
29950
153669
62720
459699
444501
17700
122605
37842
63836
50684
63627
77701
138967
8531
345747
251312
12259
496247
20347
54095
9858
27394
73027
98178
53587
70972
221859
60059
335435
14489
80295
583050
34704
545116
9890
592238
239561
1124517
276617
182227
579849
1095784
187395
553171
644839
80409
282318
7998
44898
220839
23425
182465
248362
194756
50240
284305
196832
137986
50005
6587
55790
33
480178
119985
345231
89383
6840
104301
50630
89650
851505
58531
969921
1064613
469332
341073
1673765
115931
176134
801316
346
348328
678190
1543960
64512
297
126042
19405
203910
48811
3442
22284
42035
1187758
36331
227145
7920
2685
75099
908
48098
46548
47934
88864
43848
17702
538841
9538
96563
122755
507237
83091
20427
376413
126139
30588
1292856
27829
230707
29924
261165
259482
146779
47822
484856
113266
589239
137391
339739
79379
12387
371911
351660
400948
1079579
178498
433820
175433
117558
19366
29640
61853
61634
5434
53083
49466
11978
99831
98642
340343
2381
85715
74983
137140
22028
21383
62078
12391
88998
142837
23278
517846
393326
685392
486667
505592
46593
685358
425363
214763
34484
2059
171527
138945
58018
68889
181606
108446
474380
17826
2030
58965
26227
16436
906740
13754
83493
19342
416675
149404
168008
120954
53469
39633
326351
77616
104062
131195
127975
2646
15586
16
785
55115
10407
226791
73005
63553
36225
88126
80034
110017
703480
78100
498024
22790
23556
64396
445603
442521
94737
825121
129033
10080
313949
1377035
119166
1005083
88445
253561
175007
61824
5878
475697
191250
129640
165978
51579
283717
247080
46782
146648
187967
213848
483179
216798
125288
8493
142483
364060
311316
40835
83786
10684
167699
27533
267899
736489
681804
130749
339383
169291
256580
335716
225999
363286
322374
10105
1216
22356
13505
77468
222999
12951
750
2575
63589
20500
59978
86565
106434
54315
245872
93622
9773
69948
328379
1846
10239
105660
231310
57827
522258
139274
410879
3876
59144
29217
76557
85309
6945
4868
5004
101582
116773
330745
363801
168587
168344
159293
83957
371750
17196
62476
157880
72508
48072
43065
36548
134483
209675
73167
432369
11922
223552
10913
125416
747066
46027
233495
72761
122423
153135
441826
675665
141859
56072
24558
262126
977174
446377
226600
304646
756316
154951
66471
1759401
306070
287706
5828
21281
15435
46359
109024
932583
279339
22521
61704
29009
23766
1751
114447
223991
756129
1803
1880
146059
553811
81122
59802
47550
171193
96011
233361
11994
526998
247142
109872
289443
22342
1005657
14329
485340
37345
43630
87097
183992
230654
463775
32433
86443
159705
143196
220018
66075
58797
108959
133519
11106
118673
326907
259879
40405
69976
864281
113923
124240
364778
253457
126306
145828
3460438
210160
325000
603871
78961
309
3796
111485
45
1942657
247727
3975
202401
116072
71183
73516
463994
168210
112953
706662
429529
219347
178656
191014
145626
112113
204502
287421
484134
109912
22115
31717
3968
61922
309081
745842
32487
20859
871790
210839
146466
175560
1070561
280542
830779
996044
325681
720912
2312900
735937
316
445179
1152484
69004
420888
87497
1007899
182789
18475
138924
21583
3848
31842
202903
612856
510892
1348511
500391
327994
457344
277563
7173
27520
48985
58489
324713
126107
25781
30763
88643
1686
111878
21240
7458
3170
143353
47801
185659
113181
203195
9755
70531
291501
742848
413290
1001904
28326
16838
2629
30
559
62737
156946
99493
8044
56359
140070
6293
113958
137025
96920
35
13396
25402
122902
143901
250059
7011
258002
3674
4852
16460
118353
121962
107682
329658
462693
294
42827
74439
140655
37020
96551
70828
482602
344656
107381
7857
969242
87073
28973
423197
120356
20763
662518
199203
255656
442774
56944
45333
551393
41233
117471
4059789
104718
163438
1580561
323258
320
63748
15736
40982
136439
212698
76108
39589
49406
827
18329
629696
23131
1680355
1531916
696096
250904
153770
118407
23918
43320
218818
61527
64066
83825
327667
102595
54872
281403
6657
700756
215540
4463
17234
850647
9765
393597
9554
12375
272484
224843
89812
132277
307
118905
119841
1121
84662
115298
13510
4450
32444
110492
276382
8120
40741
27187
89731
169198
44840
10469
594473
367756
559127
376289
21987
350122
144819
172918
54247
612523
217944
174102
2952
45442
462236
39392
104309
399441
237268
48165
50977
292
191459
76764
127613
95254
5965
17178
21517
304
298
10382
45350
7032
63543
2668
65939
184615
28210
591928
508691
29
244392
155289
22240
351425
363080
789384
88336
239814
26468
258703
2004461
157344
146789
11402
109931
672828
20893
347063
1363960
120937
338408
58104
4458
42454
206566
22231
27123
36219
918519
348252
419
183354
102127
18904
276200
33623
12240
25077
12207
269599
373006
1010784
66519
284412
532122
655162
79400
510931
30259
149604
185380
330756
243378
9603
1224853
436062
17248
116892
201297
233860
179760
79641
52226
2015344
97711
30675
79975
243795
133402
95747
256845
516039
75306
3964
43723
980340
34678
242123
684796
36027
325726
380955
92119
164425
729878
322891
793991
403349
71714
368665
118481
380150
6824
92850
1276351
37895
153859
94538
79746
243346
71638
3742
76391
1055213
177885
1091202
87067
3949
367388
247846
3134
20409
275
2285
53554
1496655
372617
129624
408634
97967
164714
883125
127262
236120
46567
792346
449963
214227
18155
1207
19794
47592
130689
100419
17255
66851
93817
382384
409416
190012
50464
1106716
797707
485673
1229394
21189
2967
116478
131998
1008341
564058
493174
288814
25187
124562
21949
116002
167034
629087
302494
213919
39152
71802
736864
535976
526509
689979
705826
462368
688471
38439
840986
105861
171817
438062
1163849
4067
499153
31434
55112
43590
10960
752680
124969
135200
1469404
211558
414753
737039
961293
34937
158169
131460
96909
437220
246017
167081
39284
379073
244086
30269
294
42569
145518
842669
655822
1014321
401146
1168431
112242
265943
1369601
493596
503625
336241
308145
1604750
326066
522638
273746
309705
242873
363278
47846
13816
57810
516573
68645
73532
476510
351102
184073
41785
248987
5863
19902
35639
15631
71821
34927
154618
185209
35483
118945
69968
10008
57194
94529
7759
113556
41593
14597
39086
37816
74810
5493
2851
57048
35487
60882
73600
1525100
386420
84632
13067
146672
29494
123433
6211832
617266
61286
240429
35600
72551
1980450
114715
54776
1409435
18531
19449
124943
264542
155464
142784
18785
9364
122429
8641
225675
77801
17238
31445
21472
3276
229718
29598
19701
57169
19892
133184
657872
14677
152169
1456
4027
24154
3580
3475
25793
30674
48366
54012
167137
73470
156627
280162
192959
44869
102222
59700
137591
41022
18085
85504
454650
119546
5463
177767
84167
179855
314
24810
24858
68104
305
4881
27333
120831
75018
7335
1510
54813
119088
12906
34865
110670
8774
14936
17459
363137
192889
35277
416
119766
113938
44550
139517
152566
305
98955
10818
24196
179455
160321
30407
4709
41639
12393
68709
31960
35608
702559
145093
293432
12518
28498
18842
452409
255156
193167
48937
29316
178514
712187
80005
40570
31665
198940
31185
507433
626107
109717
1663
119760
57939
694299
113429
225446
78831
150047
277479
85298
229926
316344
197763
104992
186908
427725
1054
46140
43591
252091
110891
352035
100783
170481
137201
879506
162584
68359
1523074
1017711
1632975
605181
922400
455921
602125
14124
205061
179666
438783
140054
127700
120378
334194
799424
586895
223256
923700
1996796
254861
156787
61124
56278
873168
140429
333377
375913
554693
38526
38757
977449
1372934
295614
388271
275383
177386
1324235
47335
170786
614817
207280
25692
430807
375180
205549
63905
148607
110289
50704
15356
231848
626835
3023213
310
170674
849641
11725
40322
4317
582537
9888
21830
16365
63764
37471
5674
28689
253757
180191
287954
272392
695333
121463
626421
710245
317575
63257
31700
247392
77882
136229
110225
725748
1133077
5424
663755
587361
1048600
57841
5593
115446
182812
257705
418868
888683
381690
58102
91427
10825
28647
5568
40496
44534
28230
35310
198519
1079
370838
516384
1233533
1062536
258009
444832
27363
40977
137899
169546
173580
17191
60562
887101
2255
277932
312630
451315
323171
64175
205849
44460
89888
834949
404740
95500
7120
1039404
445688
89938
534523
136761
10017
446
239752
121272
43917
78155
111181
938716
1388555
1213436
207380
118189
306
9761
233358
161350
197435
710873
1019224
270599
2113
56134
64546
68465
432351
367202
739909
102885
714111
54348
459485
113970
179520
271464
285353
855050
121639
60574
53008
48019
3478
217253
290653
27613
12817
50072
106868
28014
216429
503337
261978
369907
23619
8230
26074
7470
18025
25498
369962
53538
1694624
295
84294
297700
59932
60721
145155
340052
1145427
600476
790851
747922
958795
221717
704812
34459
284115
494486
157990
3629
1556887
90
1185106
216542
138924
746127
175405
1569861
619600
361134
272602
14296
553721
16555
117653
298
30394
7135
509345
2054
142795
32259
61346
325375
62000
89416
1228499
13213
710632
525658
390113
81188
52672
17292
36753
21130
284609
39759
10832
46449
33204
46739
145937
153028
285988
445973
479064
7259
310077
553371
3347942
522985
389807
207964
336352
199107
662952
551429
122795
878901
450084
341123
168162
28287
68176
266411
363724
702381
323525
1977571
1058678
13052
727700
140943
466940
149585
36901
126671
188184
10188
7004
63092
30438
61744
62472
56129
31272
31614
331746
55338
94178
138084
156071
29844
80120
65119
56543
29992
5432
106183
45523
157426
25227
203726
29815
35429
19320
257208
57490
128404
32417
13668
25380
108990
153659
470226
586095
46685
375863
37062
310
115285
20
22569
119918
66073
191708
335372
320
14916
73684
1395880
304
57975
109715
49989
38987
101833
17829
90500
238436
7353
10610
89350
29747
124652
422685
194585
70442
14998
107818
361017
1716365
654467
165401
387482
502197
1218038
37382
325209
42848
32361
729831
117085
2467
24663
46639
83230
243184
37150
67907
120733
67696
1062
2602
199773
907413
132612
165709
418430
109729
366521
136228
1261422
569709
430433
3670
203270
77664
398920
317033
59750
288149
218705
274848
615386
76447
54316
16306
2
1344256
543865
298096
690173
168695
932892
195111
158270
66887
28731
236910
155018
157130
24611
793263
1200396
398832
377474
124337
711066
560375
1548027
37
259480
215507
24302
203324
1540494
1605027
1551131
1053841
1772159
355957
493872
254960
340115
1113823
887745
16907
448062
31048
353050
79317
279729
158088
189688
27691
296136
24378
97964
10810
21196
92754
309
55762
15862
39664
21706
641715
224280
1006569
99520
6697
23933
8779
7623
70667
10531
1238
14693
49504
1127732
370014
35507
137969
304384
267982
74877
25389
135146
115894
130130
104869
41765
240391
86848
19905
204036
52232
637217
373100
647313
7734
326186
294158
268193
268070
633868
953513
170505
360643
311934
65292
3983
1255130
157167
443802
13284
70695
28267
648312
160441
31442
17484
169827
72795
125029
12364
25829
41929
578619
187757
58484
24707
298
4981
9166
150760
108297
13289
4626
14020
168434
2470
58712
103122
40718
48920
34353
73661
22322
688207
105803
948546
357731
166017
736735
98610
49833
658152
189686
2918
20006
2933
70724
76271
138752
3190
87055
225875
12807
20279
24784
57276
2885
32108
30897
627015
3458
94072
21749
73382
25410
15825
20731
80080
13179
106029
735714
97156
45909
91413
32986
160398
134528
156527
135051
37850
308521
5557
7499
289203
3135
394229
57721
161141
3483
33476
46428
43093
3172
29
73084
18293
49584
86107
45219
66756
11200
3776
122309
17596
68411
14070
128535
18325
87540
42473
151635
111260
284640
9481
432095
33818
75321
107748
32710
95569
28777
279
160104
77073
321910
14775
78868
32192
787
390369
241412
24878
57979
86486
1002
139514
511276
1078727
269776
15820
448969
219032
395458
401516
257727
1350976
311025
127105
1109718
81986
34292
296981
324591
194914
124534
10355
77483
18028
8082
42731
34191
27320
6756
865249
56310
298970
33392
20437
17138
218351
11418
5253
19195
22646
14123
26415
31444
871
17642
198972
28239
47193
170125
88116
914
45159
13563
351128
136443
105735
149311
193292
76539
88427
220118
104229
81041
712493
50566
557102
5782
188265
419248
515142
81561
55792
44158
299521
230873
15311
9751
1532
108342
431833
69335
195284
75508
170896
415654
312338
106547
105296
23207
20326
1753
93798
164279
401648
11845
224003
54052
200280
576116
680695
61138
1347
36164
73053
101084
80126
363516
71143
1
84156
200108
169739
244858
65304
202855
1038044
113096
630820
466957
170424
1032878
884167
4320
89501
97796
17484
40748
761573
23840
248708
289162
1091744
325540
90818
108849
194600
25857
229068
87278
422796
139077
565355
214509
50759
8109
180146
25529
24389
134515
45669
351371
312860
167415
194602
54314
46809
61159
328037
552382
42362
193237
188483
803230
71364
335684
31362
202473
14749
6256
30251
95038
1507
429659
1288414
105756
699483
173752
30141
129964
329418
559382
348459
10845
48674
8457
114416
131041
105716
170782
1302484
479603
135337
17697
75165
53120
13831
128852
3402
808234
300998
58871
762450
1415233
124580
484870
258997
596017
1491722
562373
1269787
112517
66097
329635
425346
339989
34
413821
141093
1314037
4499
315617
122015
1523262
777418
505812
419102
795728
32140
38976
117852
1863078
403104
444424
157940
231251
45206
84631
171118
10073
1437029
5941
121041
237942
259963
1447856
474306
876332
267337
211608
453797
64763
250051
242799
1904183
5767
245654
9537
17582
197393
413749
917631
365029
282527
394412
108528
955653
89334
181478
79887
315843
538445
104325
341936
253065
292968
217893
29545
220522
113089
47665
491916
329550
287851
437416
925008
98502
572582
464488
647796
160657
689320
97535
153124
19227
404288
165277
825469
133581
100463
576506
80024
13423
149033
660019
75266
62888
49535
129146
43594
35143
1711548
13627
285992
271522
58758
98498
89707
90218
280086
156179
55469
199165
71025
194131
577280
37640
19122
4301
230871
33311
12115
159223
19444
10509
151566
1832203
230055
888583
2019099
190488
718899
36
74281
246179
36494
53064
183380
144419
407276
357107
1005756
125846
78586
85247
153161
615021
213445
447265
245720
722332
772532
225665
127784
187947
103843
172191
1157848
2299242
324476
27333
20858
190142
611267
117447
34598
275239
56177
233963
149084
45004
456
126606
60152
61502
72895
33340
23319
116167
35835
290635
4991
207728
49395
5587
6733
51947
10722
924424
188483
68927
31937
9564
122553
27037
55861
179385
310417
263040
343174
10509
10933
34275
253319
1806508
570172
308412
339107
254528
73003
216471
152204
1254680
147258
147650
840345
201249
162606
106041
41367
130110
1069
13460
955542
684316
186360
201993
798721
268897
156442
40146
9132
1153
10380
9585
44360
260813
30630
124019
12827
37460
55371
44479
212947
27959
397092
153383
417571
862153
87106
1760074
26391
40788
6218
71219
115250
7363
25750
96912
1303375
693687
674495
620983
10976
774336
443156
911289
117825
606
340775
865529
861286
594613
473708
71255
200516
272969
921142
7104
21888
37288
33001
19180
7574
109920
38912
239351
161226
130258
108643
5182
372317
67584
301185
4662
116227
199731
383006
245287
74585
294269
113144
31023
285249
458762
625611
144116
32
613536
449980
75779
38025
148221
113480
287526
584083
124918
46293
118187
86027
34161
401225
125289
54633
619376
49891
276988
183492
453301
924749
65747
368342
690829
186885
380818
4023
12220
58422
1702406
39555
247865
40336
1505
3596
286787
152572
41011
155314
95978
234746
166739
15772
142366
147505
670610
497
83173
486323
17006
165784
135911
78009
288382
256941
963084
1947916
89957
223261
104456
21486
136157
520839
3538
420216
297757
218656
21239
427300
38174
81046
56514
45067
4875
37839
357257
101190
4141
3118
7533
201622
34676
6528
61093
5099
5293
123555
21702
32474
148214
19648
1561
6618
36828
587216
111578
140631
122698
77122
50237
188792
616604
251108
40173
54794
52046
11034
53593
82197
59372
353262
244268
115487
1235
263264
43852
26813
128071
416191
42515
483910
536490
875326
235092
407019
207090
222155
153010
255971
639804
442021
860193
171270
635912
282238
80488
440998
342839
393560
863010
1528043
319
245669
276459
134152
146965
2800
79245
117579
209841
22963
303
139068
10618
191543
141074
43485
23541
6638
17146
9032
192518
19912
188190
360309
152945
5743
191681
30625
732749
309830
2033
83046
58480
488334
75922
7737
215479
73017
328840
380357
1076212
61896
83848
684135
739895
2740113
64277
57477
76956
80119
22473
196449
33791
181713
589551
473910
168310
306268
35184
96246
68670
225361
6336
27826
3571
98628
300120
101956
297892
985
99218
39617
26012
19331
201502
172360
39117
8801
21778
11398
49246
41156
578503
554106
78163
165042
289
155058
10668
19831223
199635
48870
141926
57428
141934
6850
75424
26514
505750
48295
148179
1139590
26863
75102
6885
69588
26751
518211
26542
19926
150264
26768
46213
450162
29648
55086
75257
842808
100976
568398
103121
1757
635156
427101
588478
215771
22465
187154
347535
211210
6999
75739
26559
21596
5611
72285
21533
26546
75654
6918
68798
164784
170475
69627
360805
19373
952373
96339
574569
10769
308096
648778
401123
96438
69230
212036
45928
262450
21652
20131
76806
472352
69651
45251
129441
54606
51637
735989
52327
59519
55234
934315
406962
43561
764066
1147907
191412
1408152
123171
210338
272284
45020
53520
22878
137827
105105
30262
143843
39673
14
15302
40574
70851
11233
52995
32238
52946
22120
17272
307
11563
677784
190232
180920
1172
179
10197
127121
28386
57733
89358
105472
294
204819
2391
530188
86103
9836
68718
296232
78357
69001
65979
117145
46142
275240
544576
143358
85342
155744
169930
279018
14242
20376
1156232
945474
36272
716406
3089
139448
53726
359628
305198
385048
122333
122
5829
987
71891
80238
126245
11251
88952
13305
191831
56605
582380
294038
82695
28427
40304
358519
79729
57765
704320
45497
1830963
164977
90392
4783
14771
261490
200669
41606
239853
45930
766579
54693
365539
582554
731164
1032
50472
91444
102119
270238
246687
137935
226716
165288
63839
352330
3547
124312
1209560
142191
301
33492
341900
324083
250422
611709
284466
4823
4215
127513
260981
135322
51965
96836
33971
30640
182996
59859
209044
19731
61935
130263
61111
38416
20051
8195
357355
140149
182030
187082
40416
251315
18445
11736
278404
285614
25810
66028
471166
127151
277407
108445
55611
8125
328084
173714
106284
198826
494301
353590
79179
887048
586550
69282
136084
29995
31834
174337
330542
253673
70140
341312
487929
687901
134961
73233
127852
41
8971
61625
40387
39651
18001
101594
55673
22416
96893
310
275903
56914
254926
1645
10938
97192
102051
8282
429327
76443
691788
181633
47807
384069
411859
117427
264895
159812
392866
72086
278812
111632
145506
26790
361686
5037
9824
56985
118154
18552
1673
7141
102918
318
4161
869308
140617
14522
246030
528689
396581
448114
67548
34164
112353
24019
30052
61998
545849
1011706
13203
40871
21472
122489
238701
206981
7472
179587
39223
90172
88189
38658
154728
1468015
190242
124528
622027
723631
177611
316929
489
45019
78071
116766
120019
47915
84884
97643
64902
6444
69425
144846
171132
109167
43821
54009
161525
1676644
6666
108887
66007
38390
56521
24702
478108
106437
603737
1164175
1100748
1018108
291146
834858
421526
583116
28
341564
157264
1897
370124
15024
211656
128447
24351
15251
177519
252825
6657
53438
18472
2698
75343
173527
112388
181479
27147
107861
86813
6895
32916
26112
126911
137614
297
1538
89131
791241
276639
144074
9214
37203
233504
243166
52046
326770
33
386494
71544
196959
2813
1224
303
18224
15639
72859
10797
26605
83085
293722
114379
178573
31615
128238
9793
88614
92548
9924
135599
190394
230843
203098
551905
244888
343465
4905
129243
160036
260868
282359
783901
230637
88336
129533
108678
4756
62954
99991
173413
72127
76483
180465
86588
148135
449453
46540
32826
65894
7511
145642
80002
199293
272503
33184
269130
38460
27571
276704
91729
52836
375
94477
38606
6933
2258
120058
21821
28272
44145
230270
346149
16791
54902
25999
108840
120359
294546
125291
25604
124373
370884
306407
12675
63828
108325
75352
41366
38829
163237
83894
277013
213887
194030
69940
7490
27405
36439
23911
7550
52872
33544
46520
42812
61477
6278
10580
29282
72060
95841
200706
40590
41568
28308
563455
95896
257644
38380
37616
31
570135
40639
200625
82307
95804
150078
15639
12510
44419
119607
44
77217
104553
8376
52318
71709
216725
21409
299838
122296
337619
52599
643007
202572
62460
9490
269778
22546
35417
125965
116510
129571
217380
2460
10499
43319
25704
28862
39309
23144
95110
29690
167996
212808
160178
44960
155132
379251
10186
105365
1101160
276462
37037
17463
155969
312548
58248
425
1225770
140543
256484
75399
164289
163465
111373
13477
194676
380946
44906
14611
312
9254
128597
32456
66071
9262
312
14614
45169
43666
9261
312
14631
74394
28203
14462
97579
38943
510662
12833
21197
80108
155182
7250
105711
6076
45913
22772
6167
5339
84275
183265
30635
16623
59283
26931
251650
105881
184992
60925
36569
15232
53550
585
202869
148516
171521
36409
277856
321207
309570
2374
309183
578252
5391
46666
6404
327735
232844
220206
684448
11427919
91460
2052
38669
53634
59031
21369
96982
1231652
87147
3158
253836
213406
1778
65121
224973
59663
720462
250484
98087
113266
1775723
48897
297192
276247
193473
58801
135152
61251
3134
48
253400
114509
156569
234017
63807
136878
621758
160039
97027
27232
27230
498569
9296
372871
355
990839
176935
300225
91428
9525
414016
65849
20423
107632
98642
23649
8158
420632
26895
95521
19067
23693
152603
885439
311571
71789
167861
121342
425161
735245
925951
1592044
759945
235842
942886
78838
139199
21615
197563
76009
53222
48310
29439
366459
20135
350740
102143
139644
92788
70046
286
19912
181
16595
12272
115197
18450
8797
294
4881
27138
92
121794
412022
238301
313
26865
220896
35854
23269
25206
6281
26174
17170
3439
15703
120
58400
206573
21068
53082
104171
61038
20065
10840
7214
107308
36751
123441
21889
19422
73301
2744
257521
75290
116815
298510
790626
37706
26754
16262
53079
75949
185524
549900
109334
803281
126649
131758
433823
125071
100754
23402
54048
33467
11617
34097
251870
62314
27297
64880
864
145294
119632
110455
91921
334947
69937
284634
406711
138309
183436
299405
108166
32266
30208
132925
56625
414208
61589
24179
244684
219626
80143
7007
29517
50728
658551
390383
126294
174294
393861
193222
258110
7166
148058
10287
88012
67887
189052
202555
113601
98197
139935
361826
10747
121294
351312
304007
182532
123554
658579
49645
36266
41340
157991
261876
24488
199667
17940
53938
15117
116633
315
7077
5006
227902
395056
16442
262850
125453
185294
16212
427157
1821
56483
553789
60527
208019
27863
65706
81851
51933
40879
85640
884764
140194
62863
42445
38875
242577
113175
157927
36763
366631
55
120063
694749
2433
311591
217904
6405
301216
90427
5389
35352
95249
38606
172466
45720
36653
21492
15252
57656
168067
47679
56778
5018
5681
14670
17765
3732
23709
37081
17736
7
60898
61446
51625
21339
88396
46914
22722
19333
190690
120274
200150
20825
91191
3419
41490
82872
1695
9992
43744
15013
69177
14565
20062
23955
38162
77575
9684
18940
79895
6392
31372
107806
56138
86251
160651
45902
15820
79658
22329
22444
71155
62283
117573
3207
250345
219700
1627
15756
2078
26976
13149
22594
2434
40492
20406
116617
4002
117093
23842
19418
37258
303
25029
75396
145159
49809
100344
18746
23293
79354
42391
62127
76115
12519
36880
135652
145690
101166
69128
14197
36542
137165
594750
1896
195098
295
1407
125902
82132
66954
106455
72197
19685
117766
38491
23818
9348
65315
66410
83236
87887
137978
15816
99436
217754
264706
5607
248647
108146
135733
35509
16836
296
26441
19144
47008
3157
14919
22024
1055
99674
78166
29916
38874
27433
47492
25649
30291
17739
624
12956
169853
278059
68962
15391
27369
57465
88651
51767
30977
82481
19942
1709
130984
567734
406533
403198
41329
294046
194817
101396
69182
6029
134926
435916
139499
630735
69521
138634
35543
2058
104423
561320
756651
297
178150
55177
16334
27126
26345
25484
30141
70720
1662
739939
136217
151851
47063
11647
52078
81158
31381
30649
367894
67713
189533
23373
30020
7379
81529
211643
220568
202373
12207
3760
36087
2295
17535
61271
8087
36189
2290
135010
98573
6373
39229
197762
4943
119979
305
71244
44019
11149
31201
151199
1797
379802
91172
206470
145163
119803
654017
602247
273277
4394435
519355
381977
288797
78108
384868
79218
1281
14747
74583
592104
950981
98325
25493
241269
54124
10622
172651
19850
120806
131151
14179
162096
194
22613
149262
26869
207654
32641
22028
52763
315279
60267
69055
33911
37
936477
1358361
192792
47050
282720
177653
81288
15676
108294
19934
123232
90311
673424
31084
378853
49957
444316
61392
748401
51313
50978
128529
131302
157594
3003
58444
16517
155908
107633
14337
36822
49733
190825
28238
26602
25128
16765
191704
145333
33051
77526
298
4642
201951
29803
55675
139832
740326
287910
160900
77314
22400
22926
6561
86963
43081
72222
24466
49112
9298
92014
42845
41568
31317
209469
9881
51097
8585
224107
32905
84475
20040
10081
5047
64701
11101
300
20668
115163
279745
95853
32501
38638
83895
304
51191
151421
256176
7911
141930
14342
44906
157148
58324
265887
115872
122186
40653
146381
169825
682612
112912
9883
238692
76289
140720
176722
72155
115108
132591
140854
251972
99758
38206
252050
10664
165164
308
4995
391934
184771
85125
64910
11528
38303
66596
8985
416575
382106
59478
402233
31471
542909
477350
906462
2091819
845188
318660
37088
62234
48790
383345
466571
202326
250578
21333
90009
39171
206141
174718
285922
228890
2516
227250
125339
107033
85163
79996
17270
15251
204735
81122
50160
240968
56428
14672
66215
50123
55560
329402
5820
29975
66230
51027
293691
277874
32600
1992
7598
21096
48930
45255
76007
131291
147189
263558
189302
170997
15678
259334
5291
7305
25624
50887
4987
178443
13602
269609
40454
13108
16582
230215
251399
22801
26108
171996
280086
230536
79963
40365
268329
86865
115225
41261
97297
57138
19276
209332
169621
42297
33173
6265
51882
114742
161967
107490
23162
25591
135957
629274
35952
41113
6398
24960
107852
25040
73420
161486
123076
15078
194231
227013
46630
70655
2720
379837
139969
961
22890
21709
79619
111761
52005
85704
253217
69648
757213
18701
68561
386631
27026
764496
300277
12999
370451
183159
612652
69397
360172
102402
328006
11617
47968
111399
72330
346324
446542
220219
32586
105348
65001
503204
156432
19617
24480
13135
9920
31545
42094
33473
1849
120856
11014
299547
118716
6368
73816
253326
152216
23572
275644
10717
39172
70594
85780
6277
150315
15700
41625
21626
6315
4000
50598
60
86644
33514
6922
108733
70996
189009
289856
350159
19205
74632
334376
57051
306
193845
97393
201910
349318
136485
5138
318
204833
60432
242399
44909
24375
33889
178958
605131
48583
300986
149539
283690
229232
334251
16552
78573
237469
184011
194461
214
10774
303734
264048
9349
87808
52912
30328
50686
868112
542185
71844
21451
70994
6301
60964
76868
368238
174885
115020
201076
100612
6797
419821
246929
309814
1559735
112810
30195
265228
181342
44468
156779
257323
210576
256911
778798
101298
117372
13512
82086
162933
141060
174626
41099
118614
105558
521536
281649
41
19776
560053
12693
186518
120110
28486
142769
203850
180319
163440
34133
33516
399821
39301
97459
73860
54194
116008
63899
43902
225672
551805
1017818
369100
273639
5614706
11093
225645
53647
152397
67162
152245
24910
2037
113517
180
141146
26416
161370
28151
272751
12627
685066
5526
96973
42410
179422
58631
46159
115572
33865
11641
200418
320757
47841
45557
107149
15209
440874
264103
308061
285544
179640
360640
61409
220635
17063
663270
214322
840407
458450
1045032
1350790
38663
298662
366764
49498
40275
218371
38
415519
1114081
1049955
225849
47460
405685
743601
18598
2754
11169
197517
267971
307441
754492
283667
1854562
133975
426713
350409
724828
755433
744622
542198
629252
526290
409071
224190
177687
100254
234387
14214
113150
133857
5840
10052
23899
19334
137302
570748
46880
134295
315806
149514
271306
1190661
161546
266612
105150
33683
34957
19582
17797
634206
539887
11174
35062
48589
213660
6037
37563
171091
787295
311760
95455
160423
695206
396898
441735
11174
159901
380627
457684
1239499
115735
39329
10201
102180
893484
108492
1110410
69684
79572
251952
327399
103235
201932
1350838
409337
521333
285369
167944
98500
137634
7123
45121
402943
32028
2996
63301
92065
95427
615032
91342
1196369
1746672
252686
660699
157801
244571
254318
595164
198901
451962
84156
172814
5165
789869
885465
1791862
997201
75817
1935367
38547
63738
175309
330693
286904
1445010
922436
52255
103165
217157
28887
72074
71619
253554
84621
246912
5699
121481
15726
14602
50561
1455
17311
9865
308
59656
68353
4136
34103
61030
108351
23429
53989
15973
352
14911
34910
7774
59434
17114
146617
2095
27071
94746
112
227565
6179
658
6952
24089
11220
77547
58968
19627
24071
82301
82740
78458
311
98828
203352
191401
32296
58353
96958
64880
27378
2698
30936
118709
69712
28837
5018
469
15537
76286
227942
39640
39358
21595
24794
29356
17912
622
32464
106415
21276
7437
12331
452100
240979
21066
1483
121653
5233
113669
54490
145425
102068
19009
49430
57766
23920
21230
19270
6927
50132
9238
42150
80671
68713
29540
32803
66885
48076
106155
27787
56248
959
23710
3255
14921
2985
30204
15843
83174
18941
106215
154913
254096
102451
13237
9654
38994
116505
7022
9218
60387
106385
8432
42772
35942
14532
48868
62991
25726
21759
311
180526
412554
283321
18587
62459
62969
112777
242826
7839
7476
169983
41
146999
7091
31907
135256
34612
87189
10065
4582
60285
563
76702
101705
12906
28285
21703
110302
135934
2872
89718
136706
15216
37752
81236
169536
12051
70805
3974
361217
1257
51226
29838
73696
7963
34402
100427
35994
47997
39543
7739
42753
130934
31886
241621
217813
14442
48817
15707
41911
194875
9188
179592
32733
23317
20134
57773
24183
240096
304
24915
603
27452
184940
61506
2148
55263
47061
97493
20427
31018
265
24205
352736
53476
66300
13036
14888
74617
33856
10495
12075
42829
37372
46170
32459
95162
33458
20080
2237
245943
62911
150799
52099
293
38921
10421
11510
30147
14460
2235
2675
6204
79712
37102
6518
2703
314
46781
85771
13784
21215
9457
31776
124539
51928
4098
6178
6637
73216
4283
24155
287165
116997
31750
90541
20566
5410
41524
18480
110127
52595
47710
6166
8037
111137
4934
9841
104030
111542
26114
90428
63615
71296
106222
45702
121717
1888
43963
72335
113390
87960
118388
22928
104681
104251
24106
72183
103345
76002
40401
170252
105292
53611
139571
53152
320216
252551
28192
285382
175093
62487
327
167497
65955
74729
38184
130353
82443
126149
244461
1509
305169
39201
32904
41402
102645
35800
120437
246058
391921
100289
45798
118415
454
16388
324970
69454
3743835
625623
1184400
4201
32927
62591
185026
3178
15148
2666
129983
72400
7991
364261
560435
204943
192343
4458
488716
223822
338795
106204
26445
42042
20481
1287
263159
21370
21512
90821
991775
251028
47182
408160
7210
88170
91741
295162
52680
19724
29178
28081
219643
5387
25182
53726
58548
20366
40231
47000
60
120176
119793
28041
796
13004
30067
102197
52789
60229
22832
53151
5734
163724
20759
83668
94169
6214
60576
59655
64434
118024
138002
86529
70855
6793
134810
167756
244768
37640
41610
41614
46894
31622
15035
83555
2974
292
63453
109754
6874
52
258632
36407
81101
27780
7272
154661
65664
30087
15220
11662
8945
186740
60005
201299
105609
140401
300
435744
53697
108326
76197
18683
57285
49434
64960
75947
37
263700
324057
295600
43152
199351
12932
191757
19334
140139
330432
187444
264032
85239
171332
7281
13852
42247
13892
223186
95824
207145
184242
34
3112
236396
143977
104744
98755
253838
24312
38523
108402
30236
3652
106418
8481
183033
17068
104656
58347
11576
80682
324
124025
182409
559709
35444
141731
34031
112467
4296
113410
141957
7943
160878
69898
129944
67013
37169
11482
70151
38439
407767
6777
3712
303989
85759
113189
67362
55503
293248
28520
34329
170501
122688
25973
6655
59542
348578
125674
37388
663140
54697
138385
147682
125191
97388
339
20861
441161
197177
77207
37638
216311
4405
226257
74845
156552
122347
80715
6402
9314
36105
55901
23963
152426
61277
143478
39655
315
71868
46399
19778
28832
179984
3588
161172
108384
119325
28025
35902
22571
173612
75534
49000
195802
33821
22958
10250
245
111532
88700
131633
3306
125737
13738
60394
33381
43971
17852
96075
74647
310
42794
146695
294
43109
23346
66855
558660
45833
139372
98848
163445
6448
30586
87460
107496
177849
106633
6099
125414
8823
629
2120
118781
16696
323689
96316
19949
106024
57400
41685
10520
15575
203240
444444
254737
369532
162365
160945
84076
707150
963415
94156
59412
367289
1085178
766617
652911
239662
301639
1316433
475935
11452
378446
25025
252866
87193
98277
97261
121822
125595
145930
460130
153618
71817
36365
301636
309241
33553
14596
84808
151609
114974
431656
591200
1257213
140833
36835
235607
84063
959540
305301
71306
41681
14686
52149
21616
116979
194604
758199
255574
327434
19807
1146501
1201601
134479
877637
4315
97772
158711
253201
16971
727396
1438116
230545
113652
125187
66862
47424
264573
102544
20963
413
151140
36391
160405
138500
14566
57224
757
59837
146842
160077
136948
70117
116613
10904
82562
113796
6931
18484
316670
244507
6226
152133
37645
115285
144142
54330
25881
38594
142600
657447
79626
3888
124440
58258
240808
50851
71917
113276
58
161038
378171
1214933
3244
1338226
142174
219764
230999
52119
122576
97497
219136
1007808
165300
56668
512455
819455
1265933
13593
33190
28644
443491
827665
20463
304980
28243
10556
42762
106238
278282
10161
327631
31795
161445
536723
1735994
87170
216579
163986
48371
213153
643028
73476
366858
22495
71871
55964
222752
152867
279199
968126
129305
168252
495396
105310
103073
491074
15036
125609
69440
3043
24389
11381
18461
81359
21865
265231
50858
12394
803
54077
26561
50612
41155
44561
201634
46362
45539
315290
43917
331302
536889
1766051
405596
713860
364276
261016
552134
60089
76714
7333
114796
100193
112274
11281
84331
1008162
151102
4653
5283
10186
372925
61392
15181
4445
28657
190313
192772
1807145
109221
361033
64146
93418
473734
120229
1126607
255672
128015
87053
40914
214168
90972
22833
371
101107
175846
20862
3393
85041
28727
139195
12397
89044
34838
74615
72218
91937
11172
286259
27100
227856
722342
352784
22387
1250944
45694
68972
105874
27030
67036
27180
39350
98449
1532928
7723
1068333
252591
24313
16957
110171
1124821
186578
238969
155843
25260
136864
75011
508917
33750
246888
300
348646
1577312
39405
29337
168720
242125
180979
4617
4616
4617
4619
154050
135401
134000
179176
66516
144841
143617
57938
353487
225458
1648120
266639
486496
717473
784052
364352
1888478
819042
429283
121183
105132
200838
74554
351804
1332443
65250
84900
48076
215892
30363
3912
73502
10567
40005
56070
496759
145089
24347
222220
27058
196717
169724
9411
202275
249860
117002
208001
278370
27779
53355
212470
86222
67454
66870
127802
1569575
44
73620
1280569
224530
226549
2230401
462087
433833
75632
1197178
78280
74109
141966
229429
765449
30200
289204
53600
634833
164892
78497
5021
26552
390541
170971
4894
106048
878761
53
50531
257822
72855
199151
100748
170113
878122
1007451
307086
760627
556635
418926
6283
110666
116542
172079
171681
708
57381
288820
2212201
9435
26098
94820
67063
20164
116970
33229
334505
33436
724046
83788
373598
83905
187215
1193304
760827
96608
45650
28
913014
333929
152457
410154
527182
749758
588671
55493
266690
334241
256238
1858006
818889
17390
2723
2258
87105
1137849
38976
205388
170787
82309
247438
2439383
14071
351880
39135
6174
518797
559381
62174
739728
73532
371596
65987
3090
65126
2733
169369
277842
99224
293
25330
35637
242259
10588
153934
236345
334421
45433
992146
2324
31268
220946
350580
9552
543947
25359
334443
1525593
213903
770946
641337
10718
59364
221310
47239
238116
100161
21251
140402
32385
71940
154459
120048
108206
220150
168635
165536
811352
876233
446372
182164
422575
589994
118377
468999
420699
143344
789203
406221
3570470
611496
53190
1000790
99611
218330
558328
289560
309230
1901454
455054
60091
128795
31413
110043
10493
511543
35471
115218
62674
401
861109
346391
407517
584299
288650
102656
753469
809457
808867
1655789
194501
40929
99470
41529
266074
321518
1308293
75549
339947
2006981
227386
109244
485607
418238
104692
237499
110592
286685
27442
1645893
861801
88186
313
128547
599687
469995
424159
54825
55632
704495
8669
135451
43861
59492
96052
158348
46433
20616
53421
22931
371055
400558
86819
310968
246089
75572
512727
59074
588898
12550
10806
74915
64423
125329
19795
144437
94940
332265
379625
131996
479093
102029
199252
282851
708089
46503
311233
46550
250628
179723
292386
1075688
427423
900209
2175991
271281
87847
23572
445365
35927
671072
324858
277937
1493863
39666
19074
400672
963468
60317
57070
341210
1846621
59046
109981
644722
264375
306
197764
234212
350312
377792
1117804
2209057
764017
26
427685
281174
117595
32093
83485
838383
374091
801075
54219
110552
185976
78314
929406
119374
89738
1024
11177
54886
45292
296
546101
44849
118206
348329
31755
16173
49307
19355
78523
118232
55355
2792
9582
191780
72368
88008
149260
211488
124450
262238
113481
177490
823593
186254
379594
15676
17173
4337
786066
323847
199128
725770
311191
46317
182403
122808
1216
5610
90980
13923
294280
680925
823776
40539
250531
1502539
1852352
322542
206516
144354
267849
217303
310947
3743
115436
717957
93523
57256
136463
309172
64962
11101
250907
63064
155341
643855
249462
224986
105787
186671
238507
71512
291860
40165
57660
68249
781555
36373
51003
792978
370483
737797
732924
57518
483698
273555
109386
996
141557
303
198008
129281
235982
84739
691079
1413497
323989
480838
311379
73247
699637
348
601984
320764
41509
57299
208338
115222
44057
63616
11300
514682
27972
133949
231989
459827
14465
117888
6565
8288
26926
37317
34235
56273
168933
279192
195204
59492
190740
8475
21762
4238
52862
238811
10486
65110
69051
30995
78448
110666
30757
162742
356761
249766
166376
9015
207937
460718
14895
393700
78170
104073
109237
102391
51214
305
80358
191210
46682
372794
715378
277507
591392
19477
107985
20498
183226
78742
351278
100421
68746
551519
740963
64887
588458
189133
179318
208015
13691
136861
78269
2112
98363
23931
239226
199254
84845
12067
65297
598
1920297
91951
380330
7352
81851
133507
13764
5632
4850
293
5923
29004
84584
37947
4218
282541
840301
280969
833
86802
123632
144115
7946
448861
165395
1156
15932
32
93334
174097
166829
611389
297461
428774
1348723
2112600
264576
738880
42409
72858
569808
67374
499664
470024
6699
95333
943264
166089
243723
318587
613282
648989
512679
620181
80020
423264
26313
151276
677725
603250
147992
646643
388631
483753
357164
444466
184097
306731
722475
586284
769496
494131
129316
46610
181548
165293
211002
92545
3191559
442483
118596
1021072
507995
69063
204353
49452
29648
3317
6771
2353
329266
154800
5283
58590
66316
27128
76568
190988
165548
21530
5381
203677
80533
285955
39296
6058
69026
171989
44445
314173
61050
75517
22991
114971
65950
311359
81050
123193
151346
38995
72518
77751
125386
119979
112194
82949
37138
11093
31012
267044
42038
299
116187
185754
54638
112339
7745
72168
56263
4700
86193
54852
224077
303
101891
363180
31973
197573
120365
179408
446088
264837
126094
413171
1832709
471000
59026
123
241947
85649
721023
67727
734077
53558
650460
16445
38893
206295
4052
449616
113331
515730
111555
47078
64776
21494
26375
68544
74463
94074
648560
211872
120968
65541
4035
45431
91869
85551
39958
49122
67507
24176
600
503554
337158
126030
441773
62642
61180
12060
12602
2174
95453
394616
72783
42918
11238
121727
58947
63898
72304
401065
65963
63697
75208
60551
214045
53828
186021
54575
264981
128158
10692
49817
62617
96001
18168
302
4163
56374
46536
8270
187717
36702
380850
211000
12802
692253
32675
111832
48225
56386
303331
54549
152317
343974
1808117
158810
2199
55300
7481
24135
66086
84950
399762
70676
290690
193129
10888
138383
527249
296638
170828
6383
10455
84390
370545
849812
1100968
255631
397980
217460
36629
628252
224220
407490
69647
34133
69721
79982
46314
44299
332815
102965
416787
122926
309800
88526
142434
103480
118761
4847
28
32006
33066
105631
430550
59855
321498
167891
59829
990694
113631
318296
39854
207163
184048
222684
332303
446777
2493884
276917
155180
635225
1280956
57290
301861
668287
141561
780500
120799
571168
39465
203946
258455
463067
450393
207135
573216
262948
23411
66093
101901
306310
37825
1256408
25618
727324
88007
605742
277193
2037519
532162
759174
193498
295424
193154
699330
398924
385474
308157
439742
13783
353238
552734
90259
180664
64304
567568
229405
177713
185352
90548
723429
137853
51452
36592
146849
13542
115072
71262
94110
591610
126877
2216
949278
109113
53552
112503
43786
118224
16717
78397
26734
52224
1609
143482
311926
317582
72119
20552
15899
206635
776330
144264
308773
492149
27244
89443
96917
533973
313286
4692
114746
290541
8639
805377
26516
820273
317791
28593
52100
48570
234847
4858
28
31996
33056
292994
88835
59337
1184
108830
11876
72558
8979
100222
152328
55915
104568
580736
39512
89723
112073
18528
189960
639209
69084
18934
353987
149519
588
49516
29572
544897
160575
10586
496572
841406
2475169
320708
34584
511737
414401
40381
284895
265621
146307
310935
40886
58335
285208
179951
304
626107
6824
44628
146812
128096
192623
15718
49583
23363
526964
20452
561685
23064
8804
9148
7840
106156
158164
9240
23798
42070
239945
82767
6819
27
44741
431347
109029
17056
69536
368123
226170
1212571
86810
17727
511817
282416
7188
165741
50473
60888
2700
65724
70657
11251
29889
185826
149055
33032
74046
261082
57596
189487
1519380
627494
26505
356186
58937
9150
130727
8835
48534
93295
245337
6461
1767
122431
232128
62361
632760
151586
26702
217730
10780
24990
37019
3068
18437
38300
32309
11567
122596
47953
99378
47792
214755
28288
9947
101316
38244
32518
53801
482744
760300
268030
439092
69936
60592
6277
99626
963998
185229
36346
205459
181628
51029
111776
111801
78776
150098
141157
128535
176
278965
15660
50484
37898
20173
45076
76367
224837
30
5077
141588
297225
113810
57409
290965
36970
118234
29449
39695
78365
56472
8223
181461
64550
108493
273364
140802
113656
39731
78894
39965
128217
23891
194126
58576
382098
209738
56849
144732
29212
56268
56594
177380
5083
60753
12556
78681
53115
60305
2370
19320
33579
11047
33608
102188
12990
50781
31
121997
68633
316
37250
304
376510
12748
656854
173895
296
263
18830
132744
24445
154973
5809
136441
165865
172293
103736
382938
46514
33289
5221
87865
405500
14880
42593
295
11601
51214
374541
711
350081
75619
97536
79645
457875
44109
2639
12721
383550
100483
20021
1031610
482415
30477
294563
40407
393688
401974
32123
331375
271790
56628
120725
2336
135615
78502
138947
50406
27026
111477
44755
6836
6845
44791
1650077
697441
60400
324067
56640
9887
473785
175851
465561
459096
688902
48114
746627
525057
803320
779480
15180
158768
333308
524938
535177
200402
82764
75671
23734
4603
3764
53432
40397
39017
129845
411644
525690
144926
288616
132104
8499
16772
54488
691811
914
40663
65484
32249
52087
4415
425751
45354
191369
80598
501992
25269
384532
387343
500879
142439
416523
1789325
2032503
122772
234984
12657
510
866000
674126
157937
40
139373
172947
3989
74281
766780
28579
118180
644132
13852
36394
18984
6987
163127
33471
647489
476551
60118
3369
455321
166517
13169
480471
1002153
101869
95898
312
49717
1479523
453507
168995
208526
95716
1537261
76560
266541
9436
441582
42977
284583
84311
71920
149327
16713
1318
40709
11401
179308
88818
29886
294840
54501
141639
63311
1496815
57738
1146361
68889
308433
232607
113025
20123
103573
1086822
510919
206540
143934
61596
463406
1300418
424168
216899
114297
131305
30191
1983
52511
123555
89431
110727
129476
157937
66358
130363
514823
460315
724545
182980
439581
8264
724148
1059207
277217
50746
1312
2612
72233
53552
304
157773
65705
3768
25542
9784
184362
135518
13238
15821
20761
16028
25693
32706
33507
18378
33220
14481
150896
22605
129854
139434
64221
56750
49930
144806
13991
1192
248892
8250
3566
28966
49790
77731
19581
254916
136694
10567
26169
26876
40589
14331
39202
52486
567019
445647
303109
100919
14034
42923
35244
249442
41214
327500
202282
142669
36431
55765
78235
174190
39683
46184
283324
423
13637
517479
329407
64275
472970
323265
146357
343779
208092
37149
780749
8442
76670
26517
95387
76440
431382
81682
7571
68798
90490
184048
3144
25412
33088
525
114754
111793
91478
130309
202693
3305
109693
163361
254899
354476
119225
1227598
164879
58456
621688
291046
116704
27318
1202271
1159921
1271178
305255
864290
138436
426291
2001555
177521
1380769
569724
46184
221457
1266347
180696
142950
2150309
159754
46219
1001482
300401
1913702
644854
274655
66308
51263
606844
365214
697260
471378
252150
808304
640168
398291
146372
856145
1258670
822383
134829
480332
305027
100674
1126662
2053088
2583499
92223
267924
218758
348645
150865
20424
824610
936246
33871
288531
954
11591
52365
315178
94805
283370
296765
317591
33219
221497
466846
206078
15772
288202
382179
204400
822331
231290
194410
29673
17474
21886
19000
678538
1312773
2666303
54203
671040
1631569
30896
680186
58760
852800
325649
1611372
160066
166933
1027374
95221
13524
116352
303642
1035149
605615
516223
58397
599375
379971
752206
248618
946706
143325
133614
66572
659157
358471
764949
52900
175158
238154
500635
78363
1157679
36881
26
84962
69142
406548
26345
138104
434128
74017
24882
97225
90594
335849
16595
21675
32055
16673
2265651
270931
454154
10938
42886
51540
95956
152089
119703
27935
574378
83418
371381
277597
471678
254911
400571
811919
74163
188020
839756
95449
779820
312
1793511
417708
181706
26437
3253
78932
11718
33296
191762
52441
7399
660640
339665
49713
18774
188770
6827
2058
41472
232476
17002
169534
42837
787058
351007
556956
358116
3754
82767
222239
151110
57865
163161
14761
101625
63092
78105
75229
30544
49243
2278
46945
416545
216188
110696
6080
393697
40549
1062747
632819
624604
1325443
301591
761955
74434
1810215
70326
605715
193949
445966
1514215
225616
44140
17348
5542
11216
35477
701731
62181
969534
262095
456829
195230
8031
94065
17967
47680
173
42910
47594
18309
2388
711944
870916
1275351
1129866
127882
192693
373098
761285
101477
2161
349196
272186
451873
233620
120344
99013
1406611
23007
1491370
61974
2096766
1386707
96045
521653
162518
18523
37499
393015
291378
492141
336623
25170
505710
179752
98443
492632
965321
707961
142405
373714
1504217
121135
101300
19580
34335
14387
21733
25254
30266
22577
8053
5527
261272
85290
369436
132443
9227
588836
709909
199102
188257
26
865618
225066
428997
20040
303619
134822
38101
33198
313717
407520
328273
176905
210793
5818
79976
47593
18330
17825
221354
181824
161256
50268
148678
17241
541
176659
218
7637
31648
51
506963
25363
27979
95809
35572
362262
62301
235866
15742
158151
265645
137687
175212
139218
223160
1069685
71899
32372
376216
1443960
70731
41948
561961
571412
336593
365236
302789
249981
331852
118228
70583
786281
209340
67070
49150
15141
74105
83759
65456
13474
28006
80001
55632
68346
41462
49428
350266
81949
121320
24383
14208
305
93416
6466
26862
168316
125278
405
68593
152378
44958
406
84921
33817
18156
15468
28669
222027
31117
50464
187786
168074
64040
73852
415582
37814
9105
134594
58367
212834
100603
496050
332208
654012
13906
2145
8466
19102
152313
141903
14434
240298
330122
73369
57328
49196
260442
2061
803110
168405
163351
305342
436696
433241
620280
387561
309560
281533
4638
171596
192055
63211
23451
932037
548638
113801
164592
368903
166697
258005
28552
515411
9587
40703
136354
11890
28110
422518
230710
69256
1227791
1503345
34227
1543009
440195
81772
479517
34278
95048
505064
10943
195139
770340
36
1171317
28923
6681
498335
527869
275881
289416
729104
599302
91893
78757
1552057
535050
167918
347740
17229
279176
95463
85031
6022
75915
418685
285928
700909
13221
3082481
318764
598655
1223879
52874
73
358875
766038
461764
824433
1256798
292031
512421
531635
38970
7937
67362
318291
142464
140336
4423
430587
7034
109917
302962
48253
153356
93388
33168
8718
6415
96497
98198
49546
110590
4249
162041
4651
3246
37789
4609
296
31928
326
18468
37283
13155
22556
153300
6747
244945
161877
69840
3220
175398
102598
24487
416514
165304
40
37611
36366
297539
37035
89532
97012
848849
244613
594523
636475
412040
464424
709565
162559
1041374
1338
239268
297892
419228
349672
18628
276333
12206
196749
414594
2887530
53753
992686
1139678
627820
93022
554482
91059
100611
210121
187679
270030
143779
45193
79300
1043998
50094
421935
941526
411771
66846
1973578
7157
98407
1630309
2994718
11413
791739
367047
287047
693385
1017022
827628
7904
2007383
389696
626774
715861
157956
751438
101869
160657
45652
18345
88073
8339
33945
1183
140303
233535
229337
2802
38600
17653
626160
589666
270811
162971
469317
100832
827318
1633428
1227048
177499
398709
1061953
328800
1298418
61462
226904
717212
81328
82736
98800
82175
136362
131567
147345
679780
35002
12777
179804
237725
76017
96876
167620
155342
355162
311589
315098
2604717
203704
1796480
6710
53365
112765
305
366675
474756
2424660
787923
145812
168803
782218
109982
716723
492719
690304
1761120
1179316
79341
640150
445751
325227
498992
269467
547298
530642
1387657
352478
131306
269871
84814
1109322
176065
471870
2817
211258
136258
93871
139890
4394
283966
23459
850375
3686138
703833
233356
510007
224561
64207
1005877
773392
1975892
31256
5358
1209477
675997
141092
1150130
261709
1086527
81244
337101
29714
71705
165817
162056
39674
51622
94765
1774572
507450
8686
91095
52284
693273
545042
295055
1859574
222745
252019
736703
167828
115756
2045600
607533
73591
107942
47903
118046
219421
127473
50483
223682
169211
51396
14224
599969
76113
360683
152191
347329
218067
484065
1076033
153499
1224207
534602
489458
68733
1016770
18493
278687
310796
151317
84306
296
5403
81262
82193
308
218333
46312
567199
276472
1096681
464358
125120
294276
116067
149507
132321
167337
376016
13780
66949
369404
883257
144594
14092
47374
12225
23002
131723
678888
819065
801745
952917
1407753
53408
278096
90375
209261
266545
278
68580
172718
26520
85399
23031
1396878
495967
359004
282991
81077
426899
494312
445622
384356
607958
318599
78155
54329
40707
35653
79983
186416
265547
71008
71445
353463
657980
22025
65775
1634975
63306
51453
96856
62938
215182
113048
315857
184148
252
44307
44275
166939
131798
36
128017
728193
629805
193342
82568
1260597
164110
334841
1211581
497629
507593
325266
173671
15044
109441
34570
389
1127846
1096263
30199
375685
489758
459510
352088
94441
134678
21552
302810
754299
86002
383967
145773
194899
725683
218313
297908
20737
4889
27182
4231
142122
26525
98269
108882
93032
53592
337415
26772
27385
53926
7876
45
508133
47587
388465
306721
167995
14142
61055
405677
515707
403468
387296
198925
54224
82646
59061
131965
59523
208922
17321
343238
325122
1009
679392
663085
340720
151538
561056
283330
108615
109012
383804
1457163
991243
537287
154550
540074
1126507
1161499
489404
495781
662447
67098
16822
33330
151453
425974
177158
158537
110511
197281
627580
1032961
564063
38455
520154
179472
616052
179043
31534
495082
629134
153048
645
108318
104864
40440
646911
34144
123522
624256
926616
620764
32089
164907
921053
1087
97585
1068457
177250
2962776
265322
916019
439974
2446840
268271
29772
655
18506
902345
328113
227039
82737
326526
20065
42075
7927
157849
14050
77505
84133
211258
85300
210324
46815
294048
176285
125870
863964
220021
32646
433127
886641
234870
1202507
26773
49781
49456
34554
17791
331277
1486153
118844
35175
1884
125364
11458
218592
273314
745074
98316
8936
117035
830518
1300661
24416
44019
179767
244485
918784
230994
758292
5110319
26973
284940
11886
927656
394782
588109
18099
1096433
531127
9968
400569
330242
9028
145725
190887
40103
62108
221690
2842
713528
14153
368780
62731
62475
18617
292
23102
538458
497378
342456
457785
193155
263300
86957
608363
558932
1679174
181818
759449
815140
840717
470359
183670
66539
142736
331070
1081038
244788
437387
185510
858089
4351
86093
93659
65258
92984
55325
68246
190204
150099
78062
138374
116807
94896
127113
167834
149936
77963
138747
241779
94047
297145
523300
67780
219259
248973
303922
43325
8325
3931
24882
376164
47424
61096
5815
1029203
532706
13424
220241
64099
160337
643960
119021
450295
19994
209691
1099273
516203
17414
9470
414605
92844
6601
92
177107
49753
157884
332336
126428
158985
170796
14893
16684
84798
305
10436
68762
88834
90912
328617
262677
93533
70035
210457
117748
37095
45135
57651
266273
27767
752296
11196
181066
587272
888377
1604302
817384
38656
276345
175137
637141
964043
610852
519210
31363
62055
187448
222333
448524
346651
2500473
427403
253409
844881
60544
961255
9268
144414
413594
814139
1019037
247430
730591
697433
234187
538885
409449
520100
191146
766996
338090
314
92252
367930
2050634
111555
461141
1306761
577481
112060
1076029
181375
802676
195044
135218
304036
669286
329996
417588
4621
361042
391454
1350825
60305
193781
85212
1536547
608290
480877
128196
95773
114893
715009
168074
188894
715656
218461
603285
591259
38317
171467
2826731
283512
204131
937039
528334
183950
67940
266245
521727
268800
40836
354595
268316
334762
2277090
78690
48187
384703
23280
32555
206033
439182
10554
5497
4280
15806
486668
219445
8661
4540
21129
176322
175697
18882
437551
3389
197202
54244
18173
4263
72540
132537
3890
75536
45072
81611
65188
113091
105725
15170
281016
1429989
462200
320
41233
600705
164284
50186
49902
63192
85125
38288
49752
164983
88121
21232
312471
335319
31369
54000
119013
4739
1135
127477
625
3467
35091
50850
153104
54483
313964
284210
16753
204520
129343
728972
303
91099
242429
275573
26
140473
19742
75872
219065
554895
205027
258844
633574
37102
96987
92765
27
696448
369749
598874
80605
49853
118599
506593
623892
31843
40604
1577426
734
164279
167681
19569
45080
83270
130544
235724
6439
301
182023
330564
1252
53140
581322
89806
147779
94854
6376
186422
7864
9905
120157
151056
798903
233235
782489
723905
82448
92798
226
20474
68569
7426
53592
480312
22027
600558
849075
202699
50720
92921
14625
376889
24317
3764
85603
13222
16581
123169
97282
16556
50438
54025
127582
174852
244135
622471
74769
761577
159836
4138
307
315
163888
871034
230087
1269392
275285
421873
1286244
143758
88993
354327
187070
588280
120113
255884
133405
96184
623198
17594
280661
134552
141996
80090
61186
316794
154455
201903
3688
156155
58864
81295
16014
1307181
903866
289939
16591
520141
161392
41460
39614
68579
146509
145618
76059
250259
126554
60573
53968
545889
752348
107040
37317
209751
515582
138130
11046
502267
119551
73438
132556
44067
16415
75225
545709
63640
20123
90652
516835
125163
158148
183498
74234
188390
49036
66086
324211
247237
17152
369859
47809
14905
23355
78687
3277
103225
131403
161598
39685
66877
208265
54045
50389
147455
87360
441966
223235
18079
24786
288269
253878
359875
796656
358095
74800
262769
153813
317169
98561
44684
627299
9037
14676
304
25852
127434
56911
207417
250602
369320
244454
73510
704922
209861
569192
59040
51858
268731
30888
47086
500198
62093
417304
20816
192414
87711
921801
152157
36731
320281
575650
117358
190038
41255
13261
3885
310
59788
111314
17396
4532
2206
75369
8757
16674
64414
30425
1559
38698
33436
201570
253177
75294
140873
2080
124913
401457
4980
355198
73371
364987
23619
213277
32717
68470
488404
8196
4928
67303
42355
167790
140304
73502
408986
9448
123139
12380
9599
4873
275817
177928
273788
190906
34282
93260
247503
54791
1439
10639
91898
25703
441688
16579
108476
16507
2804
274391
37678
291956
39591
143510
281824
583991
417054
37887
350601
114699
526016
300786
338237
263450
184108
37318
156540
19960
21558
24765
110941
839567
4043
1030021
624589
144641
22842
380584
16310
4357
25882
1133081
89853
161352
29659
39314
202569
388122
268176
70049
97314
4499
205764
156804
254323
407145
27017
168064
182940
15758
871610
114051
66839
30396
214624
132749
278087
20593
57541
174566
17915
23022
24141
27387
94698
11723
110112
56610
267270
241361
58243
630
55326
8406
16136
41488
46877
39568
999978
125979
185797
257589
33557
406383
335961
78220
365575
2709
64937
48139
140522
152794
132880
187666
3930
1803
121430
132064
89882
95926
628
34891
32130
156430
9520
440339
7367
67320
8346
133510
25272
215665
7058
9591
75452
34692
56156
196209
281073
153378
8999
45621
100392
295808
94993
242382
496416
219692
91034
183612
354739
147394
1644820
148182
46538
42733
25752
322114
128842
215956
41412
30971
12986
13943
61136
166101
166496
92200
6055
187972
84529
36390
6324
97524
2584
307
248591
32
206028
6575
1229708
117480
81096
791854
211477
320920
85296
324
155302
105375
113085
416194
380261
1839320
445832
191836
31860
407056
755644
314752
413630
337977
36578
401389
304880
199514
580585
2200536
383055
198131
340288
186803
404529
2306356
1134433
431687
267961
644904
10991
484506
85498
3154317
381328
179176
688440
705427
1104822
753068
360159
121175
138046
323694
230086
312148
183304
1166230
61586
3006
1133
895
1661
27272
10203
12423
1000
28955
90427
3034
11665
13004
45187
785097
297453
96709
84308
4118
742782
52699
9392
199769
538495
887551
132377
1617833
880708
464529
249232
445915
1040470
42548
916996
195787
16085
455457
193512
537441
487516
429956
195071
48131
1343106
110563
71647
11422
130805
282874
7291
11608
41097
73315
13232
125835
547848
543372
21048
121132
43672
484447
86706
52654
34401
448282
436270
138779
55849
449452
1948768
1301990
311330
1129395
325206
391091
153379
50320
27952
67306
555576
60874
1718119
785212
2599132
775790
753259
250190
237352
157592
4313
186265
82557
66437
357564
174840
245413
364559
540416
12997
3492
127211
81629
93037
96730
50452
202619
18321
239828
259489
11657
38828
789070
30506
129444
209013
339293
355940
241088
26316
24016
349188
50223
492
7802
80525
42996
1933
33922
2238
63710
30249
278488
1832538
207170
142220
82851
328626
51960
10355
119048
922751
61907
1204315
1137494
47894
288414
524757
228380
124415
308
292114
332017
41779
89203
3206922
129217
41638
79690
459965
224433
35350
226543
273764
129640
1760792
472346
605476
204784
1056771
148883
75655
1401630
267350
178642
1847263
273107
257539
63326
704391
201214
262384
31948
62140
115452
350327
451203
661377
41863
331359
772533
161288
256409
513262
5029
93869
493127
154806
504891
177876
250322
889472
1883690
578989
1332464
332398
248310
407539
1252409
265854
577844
237052
765566
34754
1141835
142814
32266
89368
28007
7678
32823
13548
61805
99313
728032
94210
151875
33
25349
3853
260800
102524
59748
288658
117244
407285
715056
298522
181970
57357
193912
237354
412700
136491
249054
61918
572347
740692
307390
543328
69772
312061
364338
212080
9011
32160
86582
40691
49690
205563
181306
1199742
24628
93450
630285
712609
34552
145299
3016
547242
2498
53727
668289
496456
400501
29251
2286618
33
1169671
1537329
186352
227407
246351
63415
1013882
437767
18082
24640
137492
9175
10973
184767
74403
459364
49852
133698
37703
101286
419526
92368
45595
22713
4284
40529
32515
33637
32297
50818
43041
19162
42688
7225
25282
160528
24169
157467
222173
43638
107450
23621
21654
63122
117753
65479
170134
155753
246281
45500
26087
572298
26127
205378
190331
27081
13202
319387
114112
48504
91456
36112
67177
23122
55891
217596
44072
3142
38489
294
81157
82330
151909
36119
68629
530219
301280
549473
46426
2604203
751
376259
139217
424840
1397536
36774
24095
133519
468836
402000
347592
332712
278625
326288
708192
156937
62989
261320
223836
1168276
29073
30863
58081
260212
840135
1968818
383240
278465
159323
741064
250020
140366
1274
105625
185032
55608
176062
194084
1246700
469955
477544
55332
2999
81395
633042
238290
31603
142474
122075
25944
112715
5613
12323
52802
1013354
177606
155634
11112
323091
347853
576972
966213
267016
3026
907462
83671
301275
165068
43023
243298
1876947
449311
142259
77936
40537
14269
279302
99369
15523
151096
621001
172309
18938
1351455
8320
869582
403377
432567
50989
327978
924630
218013
155670
162625
1056266
51992
52938
276415
167155
109411
75348
71612
11475
529093
109735
19893
89223
75366
6525
16891
830000
87231
11986
1425333
237064
77712
152496
19268
338825
108422
1799338
148314
13648
329910
684796
29273
61265
58623
21258
65216
514976
2405095
301745
513377
570367
55048
26191
20612
798
24024
11765
8485
8056
57158
63323
34487
68658
24592
12819
122948
18049
17214
11967
14099
219088
81231
26811
378
2955
31428
6846
68411
294667
29098
804
145057
2544
13009
319851
208382
5296161
16244
1680
48849
30647
4172
53313
27276
804
187736
808
25006
302383
59486
487753
194926
159040
11125
334228
172211
6888
31577
79762
25895
72914
287053
155130
48541
71381
52974
6963
25752
59374
16937
33646
81504
28571
171631
4163
53148
18715
71827
176469
14056
170
44453
146988
72418
234879
180082
38260
365436
148501
141976
84069
54583
13752
4063
5296
33707
196279
339619
282203
8553
17741
50422
47442
169068
545393
71140
58308
728724
13181
228340
61659
143884
54311
30089
134027
12392
129984
97871
66988
84375
37180
119634
20947
7594
87292
198185
13052
28336
242417
14954
224296
22511
129553
75104
21965
192654
111534
37644
47725
4311
7976
180055
72814
204340
11464
108928
92411
24201
13356
58397
81408
101198
6736
6772
13552
103289
43744
21964
95280
7924
53670
72402
73690
97164
22053
177355
22506
156689
42485
94832
45523
39304
68094
25418
315
129759
152822
4095
59528
230854
33761
463699
33795
218775
279621
121975
57825
10334
52492
102
78775
1509345
878418
1088185
361376
171991
1062445
221404
85304
603808
120124
263477
24600
285262
1230554
112873
813312
1003370
1268020
1651157
384075
1186710
41869
99118
117439
44157
75869
473121
214953
1686151
1299037
767376
210496
269574
2
51681
527720
15868
184449
41829
26500
3013
6554
5549
39
121721
6629
270471
16087
18903
3
9068
32834
4565
77936
137442
11180
146467
21502
28086
82016
151945
48536
1671
15848
31040
157
371589
88648
123225
19551
88954
209190
9806
367
9356
63771
105160
120171
5464
7302
20976
75214
75136
124575
62910
18620
182542
4820
397255
11379
296
464625
33694
16923
12925
122046
21406
6206
115649
98788
446295
47762
888027
343504
753472
57288
42079
68388
114779
12234
288144
547547
1149936
459834
30725
58841
27787
2288914
179266
29
1177398
39538
80605
160079
31918
171875
865500
1415621
281226
1581835
530708
19303
522454
48982
448484
356471
954556
1152908
175160
269331
805668
47265
1932896
522163
159696
3612515
131498
320011
26570
191578
20743
33541
16566
51730
38110
366032
194964
267441
330882
93651
23404
768716
7797
194448
184731
1
2
72391
104651
1973874
73393
207344
106004
1158549
160606
281897
41172
149626
15374
59905
10390
12092
82895
11125
184846
4597
397870
1166036
187148
472921
59933
57286
142930
308743
77719
22307
24655
425902
15780
26265
428355
211128
338302
62830
146789
110838
166
50227
29231
71169
256144
1699
229958
237400
129681
1698
122298
536011
409441
418803
10073
364885
42215
95275
933075
3302
119172
79150
251521
50530
339370
874784
2347
181746
493445
104838
347462
334165
256785
474296
175471
397015
149022
8973
277442
81065
287298
284031
154749
24975
187838
255352
759911
91222
99470
19019
230060
117432
54520
50514
284263
101781
433
8188
12121
223285
15020
802684
119866
122947
23111
284824
171362
11760
321342
44558
296
69829
24013
105342
54587
321
121722
562065
1709750
910386
425597
232522
87106
348504
25099
18064
669626
510472
442327
51882
1920
64977
784454
222722
774406
2554917
23455
28876
104116
22252
1805052
13778
226682
83814
155172
20461
391733
112646
257981
899134
74198
107698
167143
26773
551140
288601
152369
121292
48846
572591
519756
117667
513081
242810
731103
396526
1184989
7197
1372034
279682
587806
30561
313942
348761
189463
66750
585231
1069600
70988
126499
158394
541007
213448
124867
1636
60944
69868
4930
71372
74265
222511
309549
146146
605
281939
99977
258071
428264
828204
409010
448956
216948
365847
30032
13107
452194
232194
153700
50019
526210
77310
138533
305790
295897
252915
91651
92653
349988
503691
90363
3402
18343
459941
312
293907
524227
159613
235333
468346
93248
429031
500836
5925
143430
68098
127053
13267
199914
780856
203058
326178
36776
949043
26628
331697
159833
724992
144165
296539
67493
61833
210473
297
78796
3403
243787
74988
103611
139029
94389
123240
301831
450201
20972
3785
4189
11955
4020
593271
147950
69790
287630
303014
364910
254321
30120
38178
41240
66989
38935
1548
121933
105327
117478
19632
34355
38391
71441
160591
138492
20030
3625630
3428
326010
200457
28843
60100
228898
352142
84869
178210
540970
602
338964
1382124
102510
1284458
304353
145204
1067655
278603
300181
33179
106353
37738
29049
64558
778750
274674
1074533
223928
999610
518865
12533
604520
1570846
847355
4265
130852
220268
45649
305472
419214
1761796
1641911
50982
815200
88691
83518
321203
95275
330630
13285
1019
8935
160811
178070
78375
1159890
52815
390019
7214
14561
99817
123076
81899
190175
111649
45894
254925
192044
101396
349689
1615104
397487
53685
125887
203709
68672
292861
81120
2810
94937
12996
22003
906093
506268
383016
1326390
83135
311617
31151
1289026
37
806527
569023
122417
22537
12591
121600
118741
157253
732746
123987
27653
18035
61161
99200
243145
657386
69496
333354
655942
473292
1095961
752704
2251181
1452731
165671
23660
505540
421323
1384034
1402962
32091
59710
389761
652586
46765
116836
511059
475020
1757495
28031
7463
89197
19444
57579
17668
105120
75445
468989
24032
370132
382415
218720
154606
68447
409514
102351
67224
259340
46600
37321
699
58132
151167
393773
71363
12478
824469
56568
76457
385195
40014
41841
27972
155053
701429
1219555
526418
109360
479382
934493
222831
1314250
1247471
106033
811952
660078
905763
389876
1688298
493814
74138
87270
894546
2068333
296316
88417
248845
819414
184980
178578
850
20767
305
224894
85041
155097
143166
154204
1321014
269412
552601
217516
12871
22551
81074
7976
103228
758626
224579
76886
131698
320630
78074
64021
168798
161550
134503
94928
205404
396434
380189
71961
47717
43457
640900
508236
197207
371047
799383
447142
51190
347043
112817
53082
86803
217785
334984
1160346
347788
105158
76358
151485
491665
549954
1009978
841238
382064
627801
293642
675480
1172533
959518
359211
202280
189389
36447
397
14152
52538
17650
49992
60056
39007
514172
28849
3788
4973
307836
217862
392926
847334
102303
60526
40317
86868
229887
214611
18131
161998
343872
12515
141495
245889
88718
301702
80034
110017
19342
416675
149404
168008
125293
21429
61014
23931
28463
405
68593
31649
7634
177
135996
301697
18643
59523
65238
93211
54907
68174
170419
138784
99678
150361
262041
162324
297113
15754
985959
66622
24735
346007
349547
20590
1227344
8405
16137
41495
46872
1012059
125808
556884
148883
451278
438153
10073
47757
230762
72372
297
486392
2885
235397
606317
1516052
36
908712
275714
139051
81904
179401
736913
560566
360310
93680
89885
101583
1949779
42230
283009
1628296
156477
2721903
1185868
49124
678395
1273045
236251
52653
57413
354449
472599
504390
386633
302976
92948
14223
3094216
1153031
124581
1977147
1032531
230621
182907
1268863
95801
362592
180648
770797
380637
237409
521799
163450
496090
1366817
170898
31757
275307
29460
135215
8975
257450
77343
20576
144012
18797
1420
88717
304973
416072
660975
46769
38195
4369
40985
110457
171281
33046
225588
78404
142139
53781
17049
4479
9511
159701
24373
94119
201818
125961
179547
32436
49058
51589
197244
207318
20
163807
7923
278655
345
751669
214782
88963
44992
9671
186256
27462
245110
248193
309197
37108
342224
463280
149598
333929
118113
229470
124304
9801
114851
295706
69178
334945
36861
185295
17636447
44982
230345
44682
103218
88986
205777
333815
489130
69111
707118
66688
413567
141189
711470
37108
322944
635739
420329
37099
309573
509579
169349
9816
44654
320368
307096
816872
147128
208944
219892
433807
275792
1082893
5572
586415
580816
13572
75881
47983
127198
18081
241486
1002405
495002
822013
710619
83423
463085
375348
300261
8536
7681
24516
117749
39036
505285
47878
235592
210748
122787
55334
21164
153377
11170
1969148
294259
349486
162927
621671
89024
35983
439514
208300
436696
650378
245169
158984
54916
274806
15128
15245
40158
461168
260059
246984
311403
41206
44606
79838
73486
355129
283244
279574
128249
584710
125751
27716
102184
308
203718
261039
44258
3027
30542
60582
76040
24710
32110
130311
854172
599079
1189079
98301
201358
94288
30311
176285
35114
8049
40070
114368
101120
204193
133912
198708
191264
33075
128115
12840
15166
385
227796
524728
36556
282381
111155
258624
6869
300
982547
792205
27
76743
12652
174264
14315
41890
114571
145641
42092
6004
211925
847
6939
437189
189268
138799
68786
23356
868032
283147
78363
1000973
118643
4504
2291042
67868
6962
1413161
381343
345422
34513
62900
2794
160413
60364
42405
218038
131812
368702
380102
799332
175362
37684
172204
36924
1109791
207366
355198
5137
712297
58035
18240
307038
74531
48139
513367
314674
135222
239478
63718
185158
167481
2815
70353
7259
143642
125047
99388
66514
419347
315068
23417
406831
92421
680974
93306
1443307
80445
472261
27
857272
44834
1112540
1161287
378778
78258
252558
154685
259581
287493
34
138524
34394
32459
449384
29337
821799
138253
236955
121859
13389
369549
266505
14537
321987
110541
275934
213689
121172
36421
194144
41128
43199
237245
73403
38194
874164
136579
4917
90727
15522
102283
54030
27949
62394
175547
104769
12914
120109
62546
322
52475
142126
9990
24855
125137
1307
72782
102562
142682
126324
9310
86914
64143
89453
71492
620
32211
162934
56194
109113
13324
61977
194416
108542
42349
13829
64731
33130
88458
93890
308409
620327
128783
152934
74735
266035
9232
1794
10409
774936
191741
162413
102505
47765
46353
431550
999073
33262
130278
1178440
35318
452824
206513
444746
312906
35159
63805
106864
28902
163199
216622
66997
80910
136694
20669
231185
50486
20763
118400
77845
71672
3741
78470
122069
81188
52672
17292
209509
259532
75922
7737
215479
73017
328840
380357
26563
21523
5610
5610
5605
72618
21533
26546
199219
40416
26542
19926
46220
26541
75168
6886
69710
167566
324142
6995
75683
26563
21511
5610
5610
5610
5610
5606
5610
72490
21531
26547
75652
6918
68795
334729
69712
361270
19368
961753
96442
575324
10771
308203
648057
427270
69251
211929
45937
26539
19926
303
120
15703
3439
22309
26166
6281
108325
75351
41372
134984
284126
85812
47214
67549
242010
194044
69940
7490
27404
36410
23920
7549
52884
33507
46534
42713
61450
6278
10582
29311
72171
95848
203761
40590
41566
28310
6895
32593
27594
51998
31615
25119
198192
76304
141065
132951
9885
114560
657102
9857
74902
140655
176569
4025
15840
33513
6922
90311
645462
28058
31675
379723
49956
447119
61393
544301
51211
50961
128888
131313
157594
3003
21339
88396
45835
173292
13592
14670
17765
3732
23709
37081
17736
7
211944
481982
112913
9881
132873
140691
176463
72154
81445
101224
122282
6123
108691
116225
21946
173479
75265
48524
193555
33821
22958
10250
245
234912
28027
35546
181900
33815
22958
10250
245
816095
33821
22958
10250
245
728748
114580
33821
22958
10250
245
818181
33821
22958
10250
245
622841
131329
33821
22958
10250
245
108881
77331
36471
22036
173810
75296
48705
195801
33306
21897
10248
245
235067
28426
52906
48707
181940
33821
22958
10250
245
159111
18974
191335
13672
32951
5447
14822
13483
34209
13545
22360
104881
11411
14717
162366
45240
108877
126723
28362
35973
22073
173899
75325
49210
195704
33821
22958
10250
245
79984
30174
48166
87099
156329
17727
23643
66257
405
68587
405
66819
405
405
68593
67531
405
68968
405
267154
98378
138715
198207
218989
98389
297132
183730
15641
867569
111065
70340
24741
213017
132724
278049
20586
57546
174555
17919
23030
24150
27399
94525
11719
112917
56625
265249
238283
58243
630
55294
8391
16136
41500
47047
39570
934746
125896
185202
15769
871548
178417
24793
56310
156738
132705
278046
20589
57548
174708
18224
23048
24089
27399
94732
11722
113177
56566
497369
58240
630
55336
8406
16136
41493
46872
39567
995728
125981
185770
15752
871150
111430
91469
218920
182265
278080
20601
57542
174578
17915
23022
24143
27388
94688
11717
110386
56624
265344
237820
58248
631
209495
1114130
312201
15758
871388
178232
24790
145200
156363
411119
20596
57543
268330
94683
11722
110091
56622
506667
58250
630
55342
8406
16137
88847
39589
956937
125995
322691
15752
871522
111275
66623
24709
56090
156510
132702
278083
20587
57545
174564
17914
23043
24136
27455
94680
11721
112967
56632
264868
241545
58239
631
80500
41498
47013
39563
938311
125958
185933
15674
871396
111056
66315
24704
213741
132295
280379
20589
57543
192781
23013
271992
322791
238368
58251
632
55324
8405
16137
90602
39584
1097973
175763
185436
118008
18131
65823
40317
769144
84865
51882
1920
108781
34016
211804
144046
34
18084
31036
75070
86187
73010
29022
34868
85702
73010
29022
34868
32998
16989
18433
34081
86030
73010
29028
34868
136523
104596
72377
45850
797
12314
1518
70124
51083
36661
12544
27284
22224
83694
790
16543
10233
30947
2437
21479
22
88379
100127
1601
21165
9817
68451
9578
20975
15283
25728
24035
96144
19634
7354
1140
35820
18872
35634
230052
82730
7747
34821
24484
90267
41001
3738
1135
11938
52416
2105
24175
117896
61967
680572
113451
73265
18436
84649
941564
424993
185263
778500
776671
193773
110577
75885
1510364
339244
2193
225181
166024
164781
365551
1385201
426893
246524
736253
181427
2204236
144202
24703
7761
207589
270324
65226
56504
848433
27241
336418
603279
465156
45217
75357
35076
5676
477976
8172
70905
154956
164353
20203
303249
287646
222448
14337
52764
40519
7756
1211216
373835
56600
60874
94129
62658
615128
431533
608941
16866
19721
23539
18474
14559
89357
38791
65023
16509
87882
7809
195212
262416
41137
71584
11590
331663
1572601
1129781
685913
443513
200710
164674
78053
7269
62723
26432
1081305
122461
28335
141105
33432
163324
78819
771600
471561
174598
499675
102292
1258125
84
1527098
28254
200809
57372
2141375
44221
124082
398745
827533
362323
123218
72091
113587
221991
206855
26796
94038
82310
42053
99595
36862
29647
6129
48062
32730
11850
27969
43222
1209
25265
471
10365
6567
78289
202245
80135
133752
1119498
67866
491609
721213
51477
124881
7797
129724
135318
126048
22356
38671
39104
135330
1054354
365218
247298
8227
5038
287295
6387
156347
9049
14237
37
52246
66343
40062
600548
20734
682689
136970
52705
25390
307
53654
113152
654072
133651
681617
1039482
99715
176697
115929
5131
286927
354883
92248
557507
60439
410210
28
41690
17036
18046
82225
133132
41998
2886835
1140665
4931961
316515
923406
976901
335066
38599
396692
1651707
424310
70426
116003
112077
1083819
135917
270050
506494
828756
13865
18804
73983
78080
46670
61274
448615
156363
1784187
12996
193
211649
115959
86384
370986
87951
1546809
342607
848362
136093
48546
602
88679
17250
3708
864
10287
813891
137717
1015903
898644
1057664
61769
529715
703750
2962131
869878
357393
423723
90247
595871
947380
497578
1807730
433918
35652
921102
1311833
417106
497192
441788
156930
5872
1156832
84062
68608
23401
44893
258661
6876
142136
88427
713652
2154316
41859
13766
118470
234037
88650
74754
61732
31938
1408478
1485666
11684
16880
100324
152026
1608424
1470842
50288
284872
172412
86181
421582
117060
1043299
969692
175327
854034
1134637
77398
1123382
599318
1005430
729405
289509
1652789
50076
437312
83489
282033
278524
38802
75668
55259
115909
89444
11295
614
3761124
21234
6507
64425
142670
74490
108094
158263
97626
85144
92203
438518
435102
58508
44
642170
1971518
12193
1921344
41368
58084
57118
59839
63592
101947
46780
78225
1210598
135872
760225
535688
872600
365332
79349
43592
8762
19802
162679
65071
4728
15328
21853
9675
154213
984145
14528
105890
55738
175505
330525
115066
106777
78422
432681
18950
310690
2205619
672499
136203
8592
262361
87523
930
5466
48510
368511
5456
918
3844870
317947
205845
198468
708724
549423
2175512
160431
57145
1021389
107303
18259
4082
68511
109516
4339
23612
2805265
83152
336
6795
11372
180804
38
36786
38
37450
38
36766
38
271848
77781
114611
274320
991
16989
18433
34081
86030
73010
29028
34868
136523
104596
72377
45850
797
12314
1518
70124
51083
36661
12544
27284
22224
83694
790
16543
10233
30947
2437
21479
22
88379
100127
1601
21165
9817
68451
9578
20975
15283
25728
24035
96144
19634
7354
1140
35820
18872
35634
230052
82730
7747
34821
24484
90267
41001
3738
1135
11938
52416
2105
24175
117896
61967
812551
1391405
419391
36125
244166
563547
544524
231378
108875
214075
176121
388214
128932
1343306
299233
411718
1021132
130118
611739
80668
153613
265086
328974
31089
10854
200376
290
369288
33206
3173475
214004
75023
2335457
693503
231220
420834
144563
561348
278754
80855
13513
23258
369256
23259
264717
115502
94330
582581
732190
600479
300192
439768
300228
600409
420150
83821
21345
28218
50336
