6566610
462327
729140
3251730
1215412
2508355
841382
7414923
3642677
1066804
923192
19195
60539
2418006
911701
61983
739308
705734
1438881
3995299
1692985
190742
94140
1008481
19659
4266980
1890007
1435588
248991
3962844
3843573
6677500
51220
72982
518944
170267
603090
2313151
2750296
6474399
190377
560885
3505866
1479960
5037766
5349636
1694217
6484144
3520532
1345939
1851500
105291
5149987
4941615
32091718
489622
5213693
1257307
488165
172995
1501556
8179160
1013822
1585815
381389
174350
4892467
1485973
706438
1717766
206395
528078
1003361
843991
358611
225143
5823360
838279
6143443
14931510
3841696
4071153
2776058
9102996
1902218
539636
1911743
967833
3120774
5119
2854186
1117190
2871373
5485756
3571545
2677394
885986
31234
2816874
1164793
828503
9549139
7924458
10015435
4924358
592963
2240378
9173053
795404
908592
1092718
3415313
4268197
5049446
2416264
60758
355743
12010429
3321969
807205
2556767
2671485
265250
89355
1725051
421573
4969415
789047
1396755
272083
728936
3194912
304225
3183014
897996
7803091
4112142
1742592
7647250
6245669
2396203
9427150
3319415
2849674
2315022
3947676
1698055
915855
504416
2453731
3442261
83840
6500135
45352
1570942
2234847
112950
4133829
2307471
393273
1367686
612329
525786
158583
262552
1997395
1277697
385491
3988665
211622
1293147
1655408
6433817
592519
1067254
10852238
2909477
2288386
244744
312289
7199059
7728451
323290
1129570
2252823
38941
1718028
1164
4103089
480472
1395782
34714
8659
1685583
393210
220001
349970
684549
3377941
2601987
2879555
8565887
3131726
465649
10734625
3298025
661548
800588
39477
2952052
116735
316075
1181015
3901669
2055207
203912
2734142
760985
595782
1555584
4299753
10090604
3255287
146701
8360376
585898
2414268
930817
5812243
74578
1085454
977703
1419565
6242925
146069
5086804
323627
1948
1226524
257765
143863
1211544
1604516
2055717
1365239
262677
1981157
1103648
592329
359108
108011
1260801
952088
7841664
2294
2234408
7765393
464093
1857674
614731
1784747
6334123
5768295
8529080
4094540
465494
2577603
209343
585169
1818931
620464
3291508
6617535
2533419
8143284
471492
407290
2063131
3015016
4051468
11454167
947020
36809
5110710
3231201
2280358
71756
1153135
2690225
4065026
2285369
18109155
603254
2896876
425072
3180664
1287032
1689169
15331838
1251686
4121267
8481945
498312
38419
86968
901995
3445588
2657087
3506254
312751
673188
1250787
2029696
1265377
2380123
822802
2333604
257742
3664815
808873
2027783
169477
5368154
708274
8754594
356987
4943085
18807
2697240
610967
539484
7400757
1146027
5789630
1999976
602408
1114227
5186501
302010
820458
777290
350552
6241914
3095780
8061480
2167912
4829513
6318086
16275667
2105496
2348573
1324878
5338729
1115638
9002840
758911
496235
377676
137264
7176732
1591017
1366864
2841944
472486
593645
848321
136887
134132
209182
147684
5228929
3317826
60066
916580
3941429
355779
382384
899386
585438
1330492
213605
461324
358727
232608
447038
271465
307677
674152
703070
6625980
48142
52719
207871
2292122
5485625
1972927
270006
797406
3351767
2212166
628360
3108457
388452
7132997
2982161
2891302
4493753
1444760
3100258
1321211
193541
2574209
2647347
470401
2065693
538127
670492
9044624
10939209
360346
7748058
48938
1765475
2673024
2613627
12511803
2368756
1887743
1015957
5872345
2243926
2381716
2182311
350936
109428
719105
10234059
6629341
1482836
246826
182950
11609
755754
2214625
957305
253976
665383
1757239
122763
4307004
6574360
1722288
7937369
1158797
3334778
1594525
113583
1216842
192609
1077140
374961
3188315
132498
34640
8334146
42579
9827198
1817518
4068831
1297248
1796916
9763222
6680174
2440205
258231
526939
666657
9224991
1325201
11328767
3895605
5028818
182306
1778677
3393996
333022
12726804
6588711
2611113
2824873
7038707
91092
795599
7956355
1098017
6795479
1692979
1205204
1375242
924180
7321369
792795
2843870
200566
3918824
1463594
1682443
2505478
72013
4036138
2844391
3678051
159
3958603
2330410
6002430
9468734
1069798
5183190
1600521
10943370
1429287
3707343
4132526
1097800
404303
3458811
3644987
1440477
3906244
818743
1724929
714508
19194
1688855
2993889
8929543
157954
5988796
7198804
529463
1663050
2839914
194803
16801285
5242758
747716
1681852
3617666
2955825
1804572
4221135
3022179
1674521
6625716
1192029
2560105
3390516
654613
138283
1131163
599993
963285
1564723
1810741
677709
71948
2847562
4607346
1853660
329194
46434
1422512
822453
335597
1360638
148686
168813
445497
506531
138214
160716
1542304
2818960
2218996
4656050
2167502
2764204
5944087
2050203
1779681
43486
2467398
4002288
3373357
186503
13595096
2246474
794606
3164496
167425
180671
2862482
6147670
53797
246571
1383360
710593
14752280
2626224
5704884
8374723
2365133
2089608
1005674
549088
5490017
3038907
639105
507112
3998986
450213
5032058
3643176
1374898
1208214
1050750
5384401
2803889
1291977
5464669
17712
1790132
4149644
1743945
4339932
11825952
345624
3396810
4744265
1561465
53441
2139953
4940216
3597233
1510806
8653
452892
1997491
417785
5149547
1034705
562169
2373153
500397
6998120
4405888
2423168
11698
4224624
986125
12771868
1442287
3762760
7290543
6389379
320716
978456
7203266
6023606
1009991
6131
4787008
400671
3334459
451230
3560175
716683
5259307
6708975
28
4936869
1879527
4017230
3999192
3724404
4388540
8288244
3425185
4898207
3847006
9823298
2219795
2668712
1355635
2341997
1146282
712391
483443
5946642
2238674
548334
885454
3779233
2984820
1651693
1849352
1183688
648165
911238
405578
3760174
5445196
961617
3081083
1658348
37
2876744
1899710
4935667
2735024
3345228
597256
693229
4365782
1004500
8370626
2071476
1630485
40289
5213642
419083
1022231
10524190
4924152
2123705
4188858
2292065
3805836
2407486
2263973
69771
6904654
7177461
2843995
996822
9335188
682967
79150
13946519
764249
2988619
2816770
1101630
25943
461948
565343
3999412
2044581
233041
4822821
257176
1526989
961018
1067683
2262460
1559112
1039837
1765394
3054779
1929479
3011742
2780884
2248302
1328985
2524124
2561316
331690
2734321
1580078
1575558
4006
1695040
661482
7212981
6828065
1131353
1842740
340834
671627
3604669
234960
6383478
201534
3699680
2793410
4354526
1152341
2725833
2154953
18751
774015
4823602
2751993
2751148
1164228
1761605
1823682
1169123
5458178
1130770
396649
1224229
299205
1162484
7961369
1032265
256701
1016979
452035
770641
2947885
541211
1211684
1330123
12465311
1593556
43549
14461
1122544
305320
184912
1006627
6951724
1184509
1388411
6843735
2999404
1190122
2544119
8507669
2910399
1074018
115456
1017239
1293591
5658574
2007516
3594559
1496454
3681861
1166279
940304
1309714
224363
1599788
3496355
1430314
620450
199971
1072323
7199654
2819451
6075
4243564
3783174
2583458
1658447
1458665
5598985
4871882
3139536
3830179
152531
536058
6627495
984930
1571048
3178675
1777733
1101756
2267195
4417541
1033673
5242193
411623
901328
975119
2238940
3003769
1164337
3507848
266731
61378
2812648
291484
1153793
2058343
6492712
6390118
2992470
5435308
2041513
1650460
542139
158014
1386705
4895732
53100
617952
1427017
737977
949629
1290995
1940385
3423040
2862169
781191
3889924
2289508
4947336
591600
7028151
8770140
2108321
994773
459244
3761494
1184344
809159
3029627
602507
695373
4182123
4526374
4174762
3757025
11029109
6110337
369908
353856
2033878
2900435
1721823
1872901
2177645
3612945
2514699
2827287
468616
6405275
2749690
11503853
524768
2010847
1264906
2395446
430769
510589
568592
1547665
479824
592322
1823606
999342
6241927
10020373
865366
94770
3912627
1050528
4288443
477688
4726819
405876
8681539
2483593
3538432
834013
572908
1147931
1839228
240131
122225
16694
4857037
1361022
939953
1198491
1614043
2626037
18983398
2529690
1411004
1602019
4625131
1718978
13278868
270221
1620196
660492
27621
196927
1974010
2459787
2262681
322808
970961
4223179
505584
4513263
3065967
6053561
563494
2224611
6482696
5531397
78285
879559
4739709
50597
45352
803898
1278378
3445279
501068
630342
147622
125238
363702
628400
50785
4028998
174245
205568
2122691
14277717
4459369
3045369
2752498
1398003
2065949
788327
665378
3270150
6051100
4710831
2667063
52241
2186984
370542
3260876
1496594
2357280
21452280
17687048
81512
3160675
1368032
2521751
495999
4704068
2154335
2833587
4112303
489724
1468858
2944361
235669
14507891
587361
4097802
4092784
4681565
7785415
3065833
1252029
3040229
7008803
930276
