371009
228497
295430
473652
41778
155033
12398
265740
161756
2344687
822977
381928
2936381
215779
83302
178012
3225973
1500001
180330
2003882
119425
931573
509879
510546
27
545763
984408
1904243
45554
113899
2783561
101089
373546
450304
213362
921205
54742
1438818
894406
220509
134786
1723452
32
479763
190489
1110205
946031
71556
2531383
3606793
2934
711370
3944256
497304
160301
467408
700545
50291
974538
2532516
1109343
141571
697395
212968
146352
786093
3223245
484783
303
1398083
3116032
1286198
166982
2142115
2440755
5924243
1167130
3677838
7367103
966112
3705519
612872
1000512
192373
162576
8083155
2570984
5184089
906612
1527871
7903795
54065
2178746
24088842
1965425
2672891
827455
301
62238
1181950
485041
2306754
991934
2782924
2141944
123071
881252
70049
1165492
9681749
2113154
598654
3453343
368400
241361
883946
4939784
640496
853280
3484118
1833459
2094674
1229002
699330
1485797
84392
1295489
811557
4859208
1102237
1954992
3124116
2173272
3497742
926065
958715
2815014
260316
836195
298479
2410291
1937926
3827007
2140662
1990870
1267215
872576
774884
653046
1169490
1302162
105448
470750
230877
496404
621648
479735
2380782
1059388
266759
427369
215905
19501
55859
226520
552492
1746227
2824769
31289
1835148
129681
602883
3475040
175128
1040259
589050
2016663
4027868
1580066
1887134
588933
121966
1706313
2634408
1134209
271759
1778472
2208300
2511904
147129
75614
41762
5917438
232910
487263
2753418
2499733
2060688
805618
104459
10497191
4204
160347
6983038
1080337
189621
1296904
335893
100192
38
2981297
4375690
912436
183854
99742
349794
276833
2159826
725642
2025751
662652
2583815
2965204
2134797
1974479
202532
508522
3906462
25407
1098540
46147
4708
498498
1175393
32
1644659
356534
629631
1681
538957
1387029
3476870
3410083
1138134
308
28377
134345
2311160
5162826
494287
7771235
143766
897
25482
983185
279062
1536752
5726679
10288
3033247
5304715
4469206
6321379
2487902
575251
2440375
2285186
1407853
1538454
510695
6797380
482789
12330
472646
973992
6170988
4310867
1852291
3204454
1142391
762788
455344
1147671
468877
6476525
1733112
240162
1461690
39364
4673738
1860208
2593228
1060119
445388
91290
2931838
93938
573320
1737932
3738960
16911
2340534
2536107
767265
302976
1687747
1007728
366914
1372879
316767
5470514
1630145
1356446
303337
1853177
3760785
340168
1093492
1568409
2030349
198839
864718
1525024
389943
1898851
1371703
516025
1063407
103285
203635
633340
529980
30994
741233
70472
468653
1530616
233331
245186
1508884
2559470
1297806
395230
1175826
559525
369201
26
1304095
5660246
139896
2241014
704425
1587957
99010
8674517
493871
1040712
2719501
4403950
896750
590928
587733
1854549
49775
2086721
721901
42509
35688
385276
1148540
773169
7216095
1170774
788762
26
559409
56547
852043
195480
526703
2609764
5788741
5662635
638719
3602973
5144810
54247
42337
1809374
240267
589206
459442
1973953
454258
485530
533853
595985
1219020
2487625
503737
48708
3412881
2945473
555477
375297
1725777
493693
3452064
205102
1561604
301610
41628
131591
1377434
293
355605
901341
22072
110916
169995
205962
1450064
556671
471249
34531
478615
5513899
1138607
1095384
777043
286079
468571
205366
299323
1027043
2466
137129
353478
354435
1278056
4195076
226321
1387956
7136260
386942
1954817
1150720
4239958
4212926
5940313
3226242
7935416
5822815
319642
1945092
4941507
4448808
1677316
2336948
156589
4769601
1354633
3500609
5597594
2974378
92885
1451261
764074
4221426
25202
364378
347839
1035521
976506
287309
1651970
947893
1731627
2942412
608329
1431314
4842468
1304476
2429226
3233300
632280
1727692
598471
52890
1032105
800069
2003605
249672
685007
194739
165718
1484130
2738616
111331
1230450
633871
1089071
362334
1919774
107890
1774920
1060858
45202
1831178
2933317
921157
1553410
2016404
3698649
1324356
2129728
1270949
9695907
1066175
118101
3189570
7128224
260938
889509
730795
91086
20135130
161013
1320065
442313
366852
1032157
40118
242306
4106577
671598
1187871
192778
471178
90806
1380219
511518
1534620
42406
499903
510101
1265630
1683023
559679
2086203
488764
483283
898400
1355629
887601
822933
3255458
1068877
316026
498834
53
882330
67308
167592
25878
148114
138762
1293638
1500259
341684
463579
2183412
1487461
950608
2438520
2399796
768648
2716200
87501
6088989
107086
71388
2868844
1988024
93729
1882410
1124750
2288755
5034125
111520
437782
2798359
1454593
2731716
623975
2827604
141245
101828
1221494
88991
113229
91321
73102
234213
837105
2104539
447650
723760
269208
3244837
1485920
119163
242618
156409
1305859
359992
755571
8608
1168405
24635
361749
7967363
1493473
247612
1348502
1180931
1305640
339798
305524
106716
375255
332897
435663
326814
25704271
1056149
777425
72663
2723294
238645
723994
12251
555384
2061148
324332
1108314
502289
1409600
177832
2554645
3166
1639185
2126341
31302
1837455
1512212
834663
776442
662156
934205
118964
2513547
89496
1722788
1131465
204470
39053
218270
431877
586483
101361
1569777
102611
947186
107038
48521
296005
183068
867490
254597
270941
117342
210951
485713
588088
114210
1283327
630038
805457
660270
1224964
592678
193682
365944
1772792
441768
649750
21254
91900
598687
1300429
975318
721258
613264
978271
6231409
352437
587611
458772
1308459
1205475
225753
1088938
436709
2045772
1013079
3747682
1079947
22215
714745
475068
1861424
982648
1958390
324085
4835911
102726
254301
2085468
132204
3307647
1520
293239
2484290
648783
390656
1013738
593710
802630
299249
907618
1554207
292993
70977
4502068
2260862
598
3136982
1378737
573398
297669
11747
447949
995154
33912
692580
124292
352020
2884847
18993
533009
595825
169349
1933454
66252
155512
328253
4333314
1239480
870246
38181
35206
7477817
564996
972282
11206
3398404
5080242
335037
72670
2754253
1989003
8610207
1982205
3761248
716813
2557051
2183120
1
5006726
479628
166943
483178
402578
83262
576671
3158056
376729
1082165
4476957
420632
902138
408832
1242477
39607
356925
2304163
1231604
232989
34760
317503
179481
504817
95276
42453
362475
367972
2448308
260660
96820
34081
32780
83621
232809
698197
245159
211566
591069
481205
254597
107746
156122
151926
497292
822364
295929
85091
217156
601508
849224
182754
503680
568884
244088
80066
219260
1780134
497437
440108
187293
550361
49292
1294056
1731708
198813
1176816
1610345
513569
6188251
2963610
104322
1277872
2164810
200554
662959
33623
150168
211032
1119695
1582574
6963
207425
463936
45
715419
31711
523004
748797
26
884755
1395607
321653
603914
497356
78326
1448872
72118
741403
303573
223389
1200633
1248305
889707
501234
75517
332370
242906
681648
39727
15722
252824
443235
730943
1500776
301
178710
18301
236877
1145620
6392131
1234742
1353274
502361
1095785
2019304
375956
5158935
1854925
3726989
263490
497496
2142667
2030443
449157
9979
735900
112284
277033
975437
2316577
32615
1450591
260316
2410417
1627056
2128316
833973
181636
10885580
6190778
87956
54840
156754
583612
33959
8555028
3612365
4600
4592
4593
4595
4595
6676447
723354
1850866
1897576
271029
374535
3678341
617478
4772297
70044
1911360
3962679
852799
104588
1094125
6450650
2835687
269088
1099600
2967874
795327
1319619
388072
1955090
501808
1416229
2626059
4675625
1329926
340975
867017
1352171
219930
1280613
162920
1430583
609207
3345270
2355421
782131
6543235
88
844632
3140399
1060306
3257239
593857
4900226
402133
1306868
355595
452225
3305710
2163305
909735
4928073
926112
3088898
443353
425938
1531533
55134
794036
4324984
2610746
482048
951322
6016449
1718339
537328
608433
733294
2622834
1594661
864932
1524851
3524853
1936431
12334
11088430
354021
24870
4472127
305298
144602
12975
1922977
1611584
824328
1842029
201084
2649941
42174
182324
537619
441910
1483702
2099543
2453944
207373
3904240
3132028
2886182
12678260
1114598
1337514
561296
174247
557116
1111254
221094
1247784
3489866
5119060
850930
1865778
1398221
1133142
1299810
479584
282370
1231201
1858105
1198113
1138729
153958
3887945
2459897
307820
1566908
383762
3809942
192291
237948
1404461
2270029
1501577
3553007
780752
314601
1230001
84961
3028901
513849
227178
959601
2763508
1609921
1877360
374267
283226
120831
3549926
2340984
268013
145759
257000
1961316
472328
2753305
42202
1129108
615595
57108
1974750
698672
286293
29345
347898
3129486
394051
1779343
199762
478066
80680
864744
210849
1546870
79754
35067
977439
1758190
550139
535184
396515
587026
459536
2014556
192091
1077506
137138
2168614
93385
282473
1940974
3016159
3891256
574829
90723
220669
1057477
150874
1297222
549018
2357658
115065
1578404
186947
3154763
2082690
9331036
263299
310898
810235
33756
326844
2066849
1140304
10117074
163075
1311117
902898
52554
2527208
2838232
1772600
350084
3404353
590360
20042
662601
74740
4992491
1555748
2808286
89168
1895642
1061336
1580107
1804832
3411796
4047279
1790082
7076112
2548729
8624934
3419643
446059
1651456
1837040
69382
254155
3339569
78478
7838434
1273246
1053101
200334
984885
1610380
661437
695067
93502
3559015
7313
249736
1603363
145976
476052
118185
2231268
29769
4253242
1077353
4701185
4313081
9981
738425
2036102
132847
1128921
2403506
1197657
2415829
1896818
133879
579617
5442049
682472
310440
2907954
58055
1794547
53731
2064510
1614883
309773
116695
2273674
707534
293176
1092208
3602025
2739533
362148
685179
269730
1250724
998495
215564
329544
89531
7056010
22258
911547
1023929
5035308
46880
663939
3231444
3233464
6742438
7982
302816
630028
66225
28187
110374
372404
594614
158980
110616
411101
743013
882754
782593
862677
2722517
3277903
2481491
8828514
132834
424604
632004
115473
1329155
2433265
1212377
455957
1068681
5241618
176976
4091868
33263
1985274
903832
1118763
199573
432152
18546
6040801
17933
399044
602143
1694685
390254
2630213
4575075
2907075
2564549
139547
773566
1117107
2465329
4314923
1809518
5307829
2074948
494957
8180620
3213258
27814
5131887
2789550
2800021
143671
4570923
1988260
7882975
1118119
2219868
2299205
3539716
31
2355328
48526
293203
2651981
4031483
1423572
3182478
272629
159482
673205
1190561
291223
235014
5207202
899181
2266685
335800
132678
144970
3050478
1496767
1900993
1192596
4993289
648562
3101193
2605629
1321301
625349
458476
260849
756154
400123
196320
276630
2484025
42838
617128
556771
376966
297964
434110
1494724
1034709
3798071
2715907
105880
65513
931603
45625
5850754
11866564
1059450
24313
5283360
976099
899955
561548
417729
691224
1287540
2747986
875126
764435
2419091
2445439
708817
118552
1254324
1231757
1389609
682315
55004
639167
1045655
1805950
7317193
1686961
477900
728932
72655
1330260
631403
3649773
5801032
9615045
2318587
3570312
298778
1251412
1619238
2404558
2642834
2087739
1181553
205128
59184
1056216
3714113
70918
68376
431431
1834932
290718
334262
342290
4592964
441234
9474078
1441527
2302304
1316712
2272498
165487
743816
1360770
466403
900300
1689414
1559249
2685021
755011
992692
700964
134978
429822
580794
546914
1340929
983817
709335
282440
4487962
1903188
4224079
128866
456754
573055
49940
352562
486803
541477
289296
9624
62372
2001960
226553
1954830
407576
1473867
4162875
1525076
3190549
331087
2567548
83228
989272
1166402
611806
594059
150349
386303
303443
843112
160736
3758095
1037760
231854
82572
5772593
820450
4469768
99716
590547
882848
1782253
4346587
2812595
912206
1291888
3404316
1883725
1407629
1475159
4029460
12637826
1829505
1931000
1342340
853891
966057
8643
389539
4062839
2885346
845992
2276277
1269932
4819614
4335117
3744834
2296783
863650
1241115
510557
566399
5673777
2849628
54856
1212424
3466097
3599928
1190012
475703
1242728
643340
4034298
555111
2050070
257540
39
1740684
123699
149869
178007
2610815
258257
5393152
809679
2936995
261923
250748
302141
2364109
410962
46510
106876
1332806
700207
84690
2537231
1843068
235419
1725581
695609
4935174
1069328
832538
502573
1116090
4202591
3359834
744199
33
871342
112357
1544759
663384
880999
5764485
1187060
1420273
358001
1984876
2242401
3084270
2102760
1476651
13298
536328
3659
90231
59166
1297394
32281
993326
6134171
36829
198404
1587870
983946
548453
962557
1239278
1271751
280040
1224492
1751
1756173
1101291
1285468
1473122
816294
2077012
982876
8138690
985021
7095473
1449131
483005
136005
105252
158167
839099
1493390
3516588
197766
1271252
21289
388875
3363748
355121
717860
5441339
1717381
6860623
80610
3511534
589996
843947
759227
1640750
2513687
996162
2109372
1478886
687557
703668
3471150
1249499
450626
2066919
63246
59640
3251804
838893
752333
1637328
1187232
162873
510190
777672
514671
416638
3119791
374177
3060255
4451152
623538
6347
2045943
170715
6201843
1852516
3489880
1250549
320595
1992217
319053
4137906
2982366
4227361
32581
4122131
8148
3186009
1462234
164150
34
1574460
2723141
1341137
1583335
7048921
1495162
13733
2687757
1474116
950210
1474377
2405728
4102758
178455
659942
6806709
5284657
510149
27413
860650
180599
1521743
1134082
218731
207388
1168079
1746379
4498656
685356
8641386
2887892
1339241
4131406
396036
9988273
2361142
558429
379619
2216846
4789641
224604
358497
471280
217688
66728
463650
1449928
1899071
4839871
1989473
7965259
122450
81958
12167
463295
4603929
248507
2494131
999185
1359359
3543801
2379305
770376
1274194
1584670
1010097
1125939
59186
166771
61620
273762
13868
898100
92234
1482082
58234
282229
13245
158210
630472
17927014
13866
261485
13570
97941
3198148
1553411
92162
657458
212374
13567
293159
58223
166779
1575485
5816
3175392
261820
317030
1877958
534765
4721820
1732327
60111
1726060
436955
2533278
875586
4390780
1222579
155365
527435
977185
25176
319198
1130133
471952
217627
1572347
4371485
6826207
2033611
3976326
2246265
4525013
550802
1287480
1509140
1020898
1218770
559582
49662
167009
19129
29683
56460
671327
348356
1874463
755869
402382
1224218
3627385
264484
98284
72396
5927
90221
813121
1196221
193843
412920
148795
1380405
440963
24635
361752
715221
323949
1014162
334656
386204
134362
117456
650274
15722
351938
39667
15716
726682
15722
754219
15722
728768
15722
665061
15722
611058
39702
15722
458857
15722
6774
83920
8556
18500
689240
39639
15722
12980
156941
42209
39721
177078
198201
1265068
331039
2582859
331044
2555219
83229
330671
2676746
83274
2742984
331078
2506819
83274
332960
2798968
1993
46938
60843
107914
12321
31019
15226
146463
327211
227601
535507
415959
1180707
572722
2695486
837171
1723475
2462548
1614837
3111964
2734743
3449840
2440225
509351
2640811
1270273
250553
7204271
1447360
1213199
2250818
562235
835332
4333711
1865803
3291316
5302231
7457800
3610049
606285
1964944
119903
1423162
828670
12765785
5410269
376345
1200518
802074
1183401
411644
870181
424145
3105318
510411
2407920
133497
429919
3119568
2962769
297165
125839
878404
6287608
1910513
828367
201988
4227213
9180011
921945
157497
213966
13466
14885042
4553335
227601
535507
415959
1830369
4733858
2932912
838554
3394361
576071
989145
123572
721688
144357
1315395
1917943
2788882
219193
1133921
219181
