151480
236668
121342
107965
133168
27608
491887
313
111187
5092
292006
4853
305
88508
74851
4749
13330
411286
286482
641237
626687
383746
82149
1482545
110655
181380
215467
77945
177674
309
34030
1075655
141122
85920
80958
20046
16977
154471
16570
14680
97425
1132
177637
335342
54711
63893
263505
191930
32004
132884
16667
4418
55270
148812
38003
28136
59312
21732
81010
40948
38042
93669
75930
6768
140447
67027
77574
8388
415899
35732
10747
807
87775
66792
10159
778371
8571
44783
4394
306570
271539
754180
50115
201447
87068
479477
393520
4984
334082
387807
145680
36086
101990
23624
7166
4011
68011
33204
37268
2278
16614
31849
11035
25462
42038
87723
1
335173
37254
10134
128371
16941
286
439892
344957
71708
33702
63296
26809
8641
419633
526709
508143
44448
289552
386177
283022
477032
192420
14349
291548
27046
212937
29112
757629
36077
23059
6224
14712
14701
471817
70904
236434
312151
241357
83755
49295
29
167652
35739
104419
57717
55421
726
162730
46112
45932
30153
75303
52870
39633
127654
62723
87084
25972
57885
297
13734
24162
71623
310361
125635
81310
131652
653194
26658
2229
197515
7188
27838
69867
68187
55810
9418
2185
149891
80718
18384
16725
15578
63021
19327
74963
50830
45077
29729
13704
17265
422645
40539
23238
85787
83869
154502
175139
18564
4928
2588
30350
28
65365
95939
68670
42543
3643
21459
21060
3681
17877
2392
6921
38619
8140
8112
16117
63725
73773
55599
150691
103374
218544
801073
243843
495570
130661
85447
9491
17125
42627
11442
77614
12790
1754
110248
23346
43660
334618
294915
2273
42520
206948
153178
7619
11048
5272
114023
313
26588
892
71918
866857
70070
904547
101444
16431
250513
30072
20561
149899
71389
6437
184574
106953
354841
293721
23945
8828
119607
15218
43443
2270
17422
572546
214715
251693
77242
324984
63792
87207
33787
65029
475675
372021
40671
20253
36415
141610
2982
61240
64258
164220
363924
117888
13078
82655
45917
47109
20784
7913
485
23409
31484
183381
9700
126405
109339
203259
56632
26379
72735
395571
448432
622366
155281
295696
85812
261103
63661
30748
3856
217088
24875
151094
58529
213996
62394
22823
549807
5632
51271
55872
103509
157860
5100
121020
203570
89036
27116
43355
33651
149504
174459
113348
207027
21277
87173
312
71740
302
115689
89182
388096
221844
37474
24160
411582
267900
2466705
50292
194436
11903
425415
301879
98555
15620
59705
201344
57134
77681
119354
51362
12673
28540
41178
131530
272596
85433
11160
102522
46843
103489
513862
398316
106303
202609
245046
13442
57962
37025
649398
1558172
1157821
1844000
1036422
297539
316767
308462
6060
3963
1
200454
113152
115118
61877
101193
106376
20818
4248
252379
65346
47974
571933
78687
208675
59392
309282
267624
108204
781657
227398
1447664
88036
512235
752010
106007
845789
939058
234774
45663
969103
647236
58423
1252213
144640
239492
1139673
888177
568346
1392189
32886
232637
56064
1401712
240564
1652721
190067
138475
133121
46067
589750
51330
174658
122288
460020
169337
1125255
514919
967654
148128
225444
403910
13504
67869
103317
463169
89238
1321088
658999
20533
74373
27216
384949
117426
131866
153989
334516
203735
6084
130997
229139
140247
349196
141826
95238
382788
526534
183117
99318
366640
143475
56212
524161
149973
476898
76682
49882
230929
490733
26
1262584
980919
610039
366805
584852
91020
186
15859
294516
160780
155744
824357
20879
1675970
1415273
358556
24824
898850
306
434465
525283
1244288
1232215
19408
5194
193664
337690
297748
144706
462042
308685
15829
7173
45866
731193
441276
463407
119223
24928
11561
101023
8081
87411
194258
45294
24822
89112
77260
381674
42912
194880
27069
2552
2917797
1216784
1038289
747718
307647
20284
675029
99935
471130
22694337
302272
154250
280872
378327
54160
355595
84426
81350
37933
125537
74198
270930
50360
166410
1123718
9500
295581
236289
274341
51678
240686
20270
554592
20273
198193
79919
417082
86695
176992
413
67946
5533
46
121397
68381
7255
20752
339147
105959
48578
301
8232
33313
68949
78147
315
4971
14283
121200
37930
1501
125827
43311
94434
305736
221681
73967
1242829
62700
2900
163162
85773
45097
41542
15345
687
24204
149370
81413
203410
190869
214060
317625
150861
90
50853
171120
51059
1157
26334
106361
82262
152123
28514
16638
25830
83011
27898
124503
10374
23462
28
277288
57505
92165
6681
8363
1089054
330594
1229424
523016
203475
766942
9827
302
27076
7819
30547
38236
23504
122120
3737
133169
22688
40544
17413
1004069
76248
45276
1989236
1199907
117932
1263120
1288452
847899
547851
33768
1791502
26149
126261
134400
169051
1048876
54055
236407
32494
206473
59565
159818
79016
14445
598904
68579
1149053
314497
394170
766550
1041132
567342
202809
5762
153501
76069
38061
296351
36461
66121
83065
120765
12119
592966
175509
318410
24380
175641
164917
652161
340232
177357
267354
172585
137686
138841
58196
144255
64698
22505
975977
1574127
32119
84677
90813
275917
219542
362906
1270940
181156
54696
1381238
836786
1039478
27784
58449
425397
614079
33465
211495
626732
30570
280320
980920
250395
614123
60759
979829
779947
1058135
92726
688980
27
111788
71665
89015
81047
13914
95082
171733
352609
133834
704484
48573
204611
190931
284698
165749
312533
92024
23322
31036
116235
93231
32980
83220
131277
215701
13915
19800
36839
187727
72964
557610
464404
432327
605067
600647
452859
676055
330298
1030386
582323
287550
506464
643429
89365
189527
131403
6136
375
108162
97395
531444
10652
578951
143914
23717
7116
605164
1065344
1223537
10051
1031884
216697
140063
48105
622161
139421
890546
491625
378931
75457
45862
19414
5653
102193
230311
516895
43929
1515776
44902
15347
78327
1129872
125609
76806
23660
71379
46787
131194
10138
19717
99237
29220
79849
469764
38097
486891
238059
297
5467
55912
153202
38521
17265
50791
10795
38958
9825
84183
5363
37256
202902
47449
81386
114048
151816
316015
217379
97257
247898
408351
38788
1234917
209926
77342
438374
335665
6234
822792
249990
12005
124718
428221
192326
74427
379598
190909
25424
68199
184680
137309
22474
147307
202807
79049
57627
515092
34718
98098
225963
265808
32268
137694
15746
109794
135041
43274
10052
7823
210503
117089
176076
89000
62198
176229
101225
1016
1303
83796
10133
72854
127675
11182
48227
1054605
3051
261583
151447
293967
223436
144098
191995
48625
652341
266751
78153
274043
14396
25561
189879
205399
334808
532451
225054
11431
44211
95084
278091
305821
102174
2350
188146
78932
285568
124768
795764
481946
167518
2874
132481
72224
22553
183258
84947
299
182398
536494
39043
391749
88155
170823
102383
363
445225
363783
145615
54129
53669
716608
65881
483475
741553
459131
1071397
561985
192890
279506
132417
53200
24775
397124
68085
52071
351821
483852
16423
42006
367732
74426
50652
193540
288
139472
347997
28491
22082
192347
622630
779194
44776
180824
171825
193626
146979
444462
353242
145908
41398
131702
48220
34988
153819
30514
134692
101533
60783
40705
353602
116524
247806
10633
50278
81274
128894
1144591
220069
8698
24050
36830
20336
57017
114726
22724
189780
218225
138311
475346
1102186
560841
154763
13807
227542
52264
300696
48869
13000
416461
562370
581131
71567
804241
90670
1156
64865
147038
84883
55781
1
166209
191042
317271
17675
498713
331549
345363
44837
671633
587515
56700
382052
820137
352320
7402
293550
133274
17182
78063
42431
155798
39290
197852
218707
110940
539926
348915
12456
114037
29864
464664
70297
490128
62993
258835
140526
186075
5081
39458
58801
19346
151105
28175
218704
36939
45956
327530
143524
126236
518169
148789
317
19971
716464
587560
1
592
398802
580664
5580
267353
71314
6091
144550
25077
63680
36667
34221
43164
79263
1225201
18352
4125
43531
30876
142246
12350
274148
178705
163666
156986
235426
70386
80696
214307
213639
3914539
60062
286668
578158
39803
45041
10185
25059
50965
17631
172480
292
419505
834518
1010737
202001
653755
10714
807794
10697
886636
627609
451493
212913
4641
98175
698676
123734
198987
116504
231367
135086
221743
1918545
187304
189669
157301
756569
45788
62976
334436
183778
560147
834447
653495
893201
55197
1253326
94868
5979
481885
277446
34029
86975
371230
917755
179597
46911
26580
26
781963
101080
251268
164182
503308
579772
17724
334425
802947
321335
98604
236028
123586
11579
1242572
9720
16939
48061
11675
23986
41003
101640
44215
10888
36469
161401
58424
17644
37174
32705
435
12556
85847
5718
5555
2869
52110
31733
103248
1920
220159
38659
28229
74381
42534
8695
124197
29857
10391
118440
239750
716478
236661
951156
74421
94858
111556
11409
148837
99674
90098
41417
49019
184298
81241
6179
63637
32454
117118
100092
227475
109032
114040
51892
125442
28583
17458
43536
8824
184174
171969
254200
39950
520001
27
217726
59016
92374
3016
25831
28776
560181
1431406
683669
11397
43283
19739
444815
1015587
416168
117132
13919
620062
1059031
393820
944114
816277
272020
404500
198508
546992
1296848
99839
35663
261231
432276
20159
307
261517
7882
73210
878812
74940
267058
86293
309926
2555263
161189
33966
90901
26806
27731
121112
12868
20252
84590
32548
121641
158242
38906
136877
113627
130486
99157
75777
4762
35423
252883
290259
18576
237351
131056
171449
50048
15076
33537
912108
74926
190530
176240
826969
421714
96869
135267
125254
30164
872882
695509
61913
317149
333558
45368
2850
408103
55626
826753
128646
25420
291813
83026
65082
57983
48198
133587
82909
120179
180360
93490
153235
136808
233200
128106
31948
43229
3207
57470
585439
262684
1970188
162804
366179
1215439
359330
546574
803384
72679
68158
101503
539226
197141
1049150
735171
457125
134236
105363
691595
10348
364433
823050
32236
1437986
382570
22292
181593
214548
167318
1580033
58683
5975
16410
10072
75297
48627
337443
96932
31015
648965
461600
115466
643832
38962
260606
124065
554940
426978
41382
20135
715498
685858
28585
307274
79529
496
235822
88088
236512
1284140
200862
75829
90803
1064603
701665
242839
373839
283254
143495
150980
1988774
302205
926141
60729
135838
100306
10165
93042
101132
116094
12804
160044
383832
55418
302435
57025
580287
430273
317135
101374
348685
243642
5566
9722
29410
1005790
335066
399129
32373
52213
1071745
852428
274352
474567
406336
278951
115791
15938
69622
25910
56531
7118
5758
47906
1826
1597
9537
44055
20673
8383
11433
10208
7603
147431
306560
27717
650044
786535
623039
26
65688
2958
568841
297411
183952
17037
1053405
160809
110309
352460
1031568
182342
111302
935274
221233
37403
9628
293097
424451
4408
258709
126571
11314
188547
13511
525599
1388657
246447
452805
1598848
588467
139763
1188946
667066
776865
59579
695941
459231
1953857
750638
443231
5695
114143
31
70913
1068363
601817
64235
25632
27016
63741
275048
86524
154849
69700
30701
28717
97560
688174
208894
483361
896909
249674
394449
121931
376850
777251
1079555
642019
148509
6175
522790
1667589
116723
21964
418553
46
61113
1331653
28994
307075
338273
321885
25603
190893
584295
182293
236594
242706
115937
117024
113358
170101
13635
38775
259662
42374
67362
174977
14591
156943
174609
7105
53650
7183
14426
76549
1518
17942
15099
5269
6124
19485
85877
32936
83196
104348
363342
622541
98023
170981
308
641785
95549
133872
21675
45251
4329827
821908
216990
482016
150411
320216
1131364
828962
1111692
508045
595696
43099
75420
270132
226818
83219
529689
37188
10715
431435
57024
142347
48717
307
16328
22747
5234
69807
881644
104798
27310
73185
35390
14625
215348
74390
384862
156809
141923
196836
82359
2419
15532
208129
44693
165406
8339
41293
90349
147360
32049
31294
106761
66507
118179
23008
31554
25329
118050
237884
75213
60543
10960
57961
3174
1069
146887
11618
42989
64119
147521
93585
86448
518502
26327
201483
30258
189883
168657
259206
35539
45290
137409
401546
114304
92543
183571
31824
137205
82140
29683
315730
31988
1337506
44652
437865
20173
289470
186287
14204
45151
127357
326205
283793
55704
9388
22934
51278
9932
8830
460120
76428
136771
50174
255077
779
165760
268862
124174
134466
342328
955323
185377
100256
357529
8635
63489
32769
666
11901
6312
33369
450614
5823
312
434583
1632
258072
646675
667338
252915
142397
591614
249039
266311
152745
54214
320154
296060
23528
686140
672549
915347
744086
313810
234875
934515
45
29745
59816
283980
1227445
802124
308241
88513
291387
57921
780674
2003651
1790147
1286800
61131
145147
1785148
406486
85121
56352
1318916
829852
404609
579206
431400
5126
151150
22169
13976
403808
395185
688145
385123
627222
367439
1701854
90634
308328
670536
10823
7202
302390
271892
2332545
198172
370461
113740
253606
337680
470650
32
924685
320577
803232
733020
472849
462229
176107
255452
26170
90964
249571
44919
199427
92194
90942
419582
111155
102032
146245
100393
124831
132418
98885
37178
29228
10678
83413
21005
198
362050
520048
884926
20000
143042
235089
207629
1532655
34790
16849
68538
103829
1231480
183939
61520
27945
60746
276470
568980
78909
263231
375252
12142
7408
57663
28245
726426
1018959
354649
475567
460949
49823
161317
396615
169295
281867
9376
359649
1386717
453448
105651
171806
704072
605066
163912
5772
131844
94992
95973
5525
81989
116697
23576
63713
295709
51661
16754
145210
877408
56331
143552
821600
419502
196221
29979
38258
252007
1471850
99736
133619
95288
64315
29933
148902
51887
8627
11776
16428
6362
650909
356035
34098
18537
15836
8251
57767
97452
72089
53542
582299
99477
227781
191696
716582
39987
116177
310
60503
21665
63073
422546
214146
455676
931525
42783
284005
329480
52352
87290
897142
393120
43138
234768
22989
240636
469306
1106561
1933320
700832
128955
118036
48927
97842
124364
265339
18285
151945
1147213
395666
46604
18063
536690
804168
44872
347333
69312
635986
304148
490315
15966
223364
255003
413881
686694
404702
33012
222197
1413881
195588
493183
41704
221419
82512
451930
312280
875524
63326
29
25426
11953
39841
32141
72042
93526
16004
209914
115842
58701
23224
18284
9372
294734
109510
28377
163405
214137
61496
3531
562083
5242
638932
121671
2534015
763234
4844
475374
15682
704988
321759
32979
260592
549928
302253
75734
1582238
402762
90138
140400
1014243
186182
13747
83064
40098
27273
1317112
66982
467565
993178
306460
1035016
540500
91345
54229
18275
355822
23329
61626
143403
7392
317614
87658
144552
69825
95323
242175
6483
28790
6834
402148
71409
95083
140428
70638
167851
955348
562256
71764
14190
8241
46610
29894
20069
74639
23572
25408
201777
77583
224258
38043
74396
294080
21035
133896
91982
86523
306222
42430
716688
259406
52133
12812
58895
9664
79105
14467
20870
64321
17929
2128
112957
188298
25517
68614
199726
25792
2218
383659
217790
106404
4621
38033
109512
34297
208518
20434
80482
29846
446074
2037262
771549
1632945
971100
242979
408794
107538
83763
137642
210937
71703
352297
944433
177992
37950
363172
420820
42269
1115166
103453
142543
48027
9602
687568
598851
31360
258007
32513
401203
206874
143881
806349
918891
1012972
98088
471062
10916
1362116
59443
82541
2838499
122903
28441
578292
433145
212082
3174222
1975309
815161
544021
237636
454041
89149
264742
380551
1769610
644159
1675401
329888
331478
62321
1043485
29443
368652
180365
21373
33281
94104
325886
57784
168217
371732
304556
83151
337405
77572
67788
1101572
323921
344118
196539
13260
62663
55939
8174
1235967
116190
431737
689362
338492
47686
335422
70180
490097
199685
1633872
48979
3230
188517
61181
175559
8
314215
209234
26
118779
1643035
1175785
365614
104972
741
52162
140578
14423
23311
166569
77851
194219
89930
5385
15807
378610
35205
117200
30639
64307
1922
142611
86386
17961
4312
40070
8787
18476
29211
110735
1132
83848
15614
540
41337
670535
12798
13071
9505
27333
73090
100146
68984
5892
133064
73647
451
62104
80444
47916
69321
173283
7333
12115
41815
60480
306
22789
830995
11131
27090
4512
40028
348
45312
305754
752943
254686
752620
107926
796833
499263
13342
180171
28693
245146
413944
128877
238003
92412
311
762941
117479
81713
21772
5712
92003
654138
166559
16385
54029
14821
38853
309
7967
39294
4335
98263
36144
1418
17365
53917
6768
18471
51555
302
254774
1945
104770
73336
14019
269984
1641
85939
94560
28
86346
32343
3303
107307
67412
95624
569539
49515
7836
24183
86824
20986
12927
104385
65352
129406
16409
244716
37895
24529
32160
27870
31866
40681
38308
123176
19212
134155
339797
78520
503294
121142
46961
21553
118148
58116
37680
187847
730018
512186
34924
275022
171173
198941
346838
237053
294560
294749
33516
84672
164355
106110
52723
23060
134364
49143
333250
11451
1255821
14146
233438
16758
434517
606291
159188
664122
6003
24604
2377
29995
57923
58631
5534
6897
89130
2873
5203
167974
647130
855152
4770
76395
244727
184541
403662
65075
7778
183928
15975
25481
302
105629
57590
191224
138674
10328
2926
1205588
111142
824
71060
280353
181131
62821
994398
201133
277791
40643
75040
122571
222611
569002
33701
677526
23252
417523
307239
172952
232720
33034
69551
74953
170968
40948
24750
89082
124389
169434
262341
329138
143933
114608
83984
944740
181015
202906
348746
44989
9503
32395
475279
62
98905
452983
24659
60699
70624
83350
43287
67308
497316
495146
8340
33367
471514
497994
76065
53739
124205
17997
391632
345962
2751214
530564
401206
292259
101605
65321
604007
35463
219740
6257
410813
252285
524934
43690
212888
502984
808586
925714
376123
49095
8308
297226
135744
58634
2107
129828
38357
1250380
516790
135940
184944
357705
92217
171979
116855
379829
418701
591693
308034
32157
4249
533877
668815
6220
423943
66572
489078
62995
28835
53007
9411
65624
63890
40045
22690
1111889
171541
167414
520376
455526
100977
730244
2497478
230554
317
332693
641652
15257
212655
538132
123837
3865
120049
90278
25048
1088791
1196267
90125
389558
92031
1203812
64870
384541
73430
660026
240523
267597
2537991
233988
555812
445166
65728
241251
890226
1389739
27453
19940
139638
161506
646088
65091
283633
1239780
1059928
90301
14840
49878
1460104
1353230
956353
26392
1409
602813
311656
821150
837633
215693
573738
71807
459284
144713
769880
182622
23104
121639
18765
163951
122575
1314710
192368
284022
288191
791044
777960
246161
2146044
462337
908124
313774
816628
63979
155422
173966
126098
51242
135434
23666
212390
107234
9469
5979
73713
49971
563897
202176
420833
458406
177056
20602
80782
506574
9912
382893
662997
516753
138716
28326
36431
291944
91939
5575
204051
24467
48559
345810
123085
240173
1478916
787798
531314
335905
1161067
1019378
2033359
89987
185975
26
115720
86641
975224
1141481
785793
152552
406889
211350
121061
469675
49626
1025764
2243267
12285
15243
766193
30486
183671
30515
435077
584149
17267
37329
12903
39297
235560
99086
308
234380
33024
162298
160773
13404
54506
323
1
7679
9963
52127
25429
6200
23387
11994
996997
177439
19481
25333
8246
301
4470
6587
63236
2316
58
56243
67891
141476
67375
2117060
802695
427608
180664
52153
792877
134718
1998308
345819
1107769
64892
188513
105605
233765
117073
497722
504372
217839
802406
113898
122579
299137
19975
14601
29863
49651
17081
500
14380
261445
74100
10305
32783
40589
37922
185556
265089
517023
594671
134226
385460
2710
179320
963433
314133
445117
18033
27431
4042
65479
23991
29744
692381
237719
302122
3862516
944718
1311063
2024233
41566
234516
730096
191818
34565
21758
6209
62393
98656
266280
92624
326332
174602
1085321
598729
254836
173863
12544
475674
957993
176315
201445
129864
78491
2317
4044
143426
75827
34771
91286
1266971
178198
204295
160038
199030
552736
289749
27896
121252
293165
35218
111710
231250
318431
87343
173728
1122554
18130
39116
79700
305787
52
510626
1825684
38227
6632
220788
7
350
36785
280532
198635
59413
59305
26238
81111
8293
309683
89998
137389
150165
10034
25300
113739
890455
526719
113328
192623
80256
82464
298668
40159
21916
87546
17706
663351
144441
131172
107313
410054
233314
133593
14156
56480
172732
295183
265701
141004
145336
269935
292580
164610
200018
201901
82293
9059
444767
41991
498117
262
71317
111943
156542
87123
296574
6884
133216
55362
70872
178731
21700
244036
31285
12568
16090
138802
353454
183137
4543
180930
600015
111471
181781
94288
184514
8547
221124
78798
30823
212
31724
79611
36577
4151
307
245917
17787
1818
133
319462
39536
158966
76857
578506
67120
281272
307578
413739
1129163
74401
16506
296816
285402
255350
433748
272316
623661
61268
21505
937582
458508
12065
483938
104915
1090721
110280
960813
1043304
111084
231029
44569
51089
487002
5085
269671
19538
11549
12342
81232
85242
5556
83452
61017
591370
624077
114947
74516
24202
28156
399282
127006
79403
331500
5560
296
1038438
20658
6424
24853
63926
171674
24465
66909
808068
1077017
676579
66648
297
42675
71005
228988
5828
1376647
89519
972856
379205
10855
36
862131
107129
44438
24700
35028
60584
313642
533073
492417
295881
78248
14682
126070
201862
1
32769
10121
49556
4205
2234
183355
29267
97382
175772
596
99349
112436
65576
37345
4346
114694
35427
32246
44090
159158
187963
518371
321790
10503
7773
177127
48248
41562
329808
737658
53323
335325
5351
19828513
6237
265285
106119
29563
185169
75831
41057
63305
503779
934845
329590
63622
41411
75159
217272
18391
1691
602
18796
91971
111213
120059
151527
45451
52187
108611
35219
289131
169690
670069
174534
42015
22103
30976
25582
310030
683136
51877
227245
1669492
298956
116663
41373
174406
41379
74800
202009
459242
59502
79996
267378
225472
157487
271603
196855
61447
193471
74495
305393
81532
166712
83312
37234
311112
526853
247693
47455
30892
423401
222828
36850
378120
456881
25940
45756
167411
426818
69894
2013084
415080
52
221889
36773
642755
674387
937313
571889
132936
49164
160810
311
14410
183059
59744
94387
68301
20994
604
47338
25506
13947
1350
181102
25431
143759
725918
27473
17561
56425
192451
220237
25732
92637
139636
104656
69163
121065
64931
12353
86595
10445
327368
210561
184541
36364
157596
315806
673139
48749
139754
2435452
981992
908242
90442
84494
25073
89412
37176
234424
181173
914400
192112
12498
51548
501085
72550
334348
444274
397732
163383
110087
759725
174822
239050
109169
17887
69696
242163
6793
49407
144657
1270678
454798
494377
570502
75673
42138
7828
53281
319867
199211
174198
13594
173461
125449
86456
1829127
507250
75469
587060
171514
285187
952499
95855
1321
13484
50031
12023
51717
29705
99097
62990
32652
104002
37706
12911
3022
69739
53495
1930
18105
17512
67090
77964
23505
150140
44662
5634
305
6648
793776
12470
670702
23832
24667
20214
677515
102621
203806
88691
32972
14084
41620
337203
47363
18839
121471
892452
386770
776088
66563
587335
651822
26225
473111
122493
28312
214189
20483
151213
143353
154041
549954
1870
1
474329
8725
29061
10957
167078
6806
593888
1
1
17378
88388
24161
170822
203215
561437
391712
395297
51420
741419
14797
145340
194963
195597
361478
15859
68751
781
295527
553684
75288
50739
5969
60726
71793
28
70755
24151
299
224668
156139
216530
30
129064
477495
563042
32135
419865
148748
76990
100163
254301
103773
880675
16335
663392
46962
51771
25697
725392
305557
46953
383136
354660
51629
357349
532831
1051647
108642
235681
94313
497758
279842
93066
70177
161312
39321
5206
10305
14551
547
53149
105001
162671
164519
12655
115834
6330
170351
235186
130712
1080590
252509
54419
83384
345848
227707
21603
122220
116005
722715
247665
183380
43583
331998
890137
164856
7139
37586
15035
816817
255977
20580
1181865
12970
45406
485964
161286
423881
106737
921566
288924
270070
451991
102613
28320
2187
2231
15800
49767
6591
146463
17343
19729
9850
33055
50717
195917
8945
554342
33003
75317
18968
60315
22780
94230
50894
30599
68963
81669
35437
30029
120065
106587
71817
48827
188159
8945
97735
302
185975
148485
28653
10027
121248
75780
132589
78699
12546
129510
5052
142723
103605
78221
5652
219301
167388
87712
154267
31166
297
87814
373906
16608
340231
21951
318665
1370
333215
192255
180581
138249
43
26220
263007
27258
1308637
86732
355807
46912
86696
63164
39978
76887
165483
2566
89968
129759
269674
267968
589369
19303
238483
49309
43672
563808
72704
92878
248952
89840
139198
14110
15923
311
34035
13545
227
62923
27145
513616
42601
95203
61391
816777
690760
8638
2855
46019
308084
310
17357
4538
16154
310
17363
4534
19869
161467
44147
130494
4182
4047
22893
116152
35335
50035
24810
44869
32751
79024
55846
71210
91562
161868
15572
17293
113722
277831
43055
24862
48533
35995
85352
36453
95274
367362
52597
546223
193103
349313
35671
48497
24886
39841
279211
89725
47681
27189
5444
39675
44424
13573
19976
108509
20
34506
221643
117964
254111
104860
145697
3817
217158
332045
59508
349058
506602
1
17999
32372
43082
56130
27966
252872
18344
32176
42315
9615
8238
91075
270092
142922
32420
10223
32373
18063
155254
431174
18533
186258
22710
239032
11537
33253
134648
109846
98117
130300
65668
226823
423991
11717
177305
44269
116661
16606
455868
81214
574620
225969
1276325
328930
56566
40616
96846
1
10738
4605
84759
4245
24091
11329
85707
12917
2805
2462
62242
4605
19171
4248
85065
4617
19222
4243
50484
15241
12158
38056
8546
124977
4594
19136
4242
35184
271878
1
17834
3961
27835
68831
32339
57870
46888
19827
47094
13490
13881
303
124953
303535
3271
73953
32352
44032
13619
111298
88992
55805
27849
70115
109423
10812
20511
83657
190700
103974
13765
84614
224374
432068
483067
150652
11456
295421
1249885
984356
84803
342692
58
19430
61355
11289636
85336
77935
429532
377319
34
413367
43759
12258
23696
466462
30
215245
381195
160943
190544
273448
172297
531488
463578
209025
360011
24546
1046450
2773
244229
310857
1443628
709430
609537
181011
122331
332903
35591
55004
3375
4992
235447
43213
529
907429
3702
267388
104955
110603
49638
563990
496578
205043
262747
332095
69912
671386
845641
166926
533795
301818
165015
318773
505589
544971
87906
577907
111512
1280129
688920
54531
308
5260
276928
51858
4147
24333
261750
15463
60623
20267
26903
360
295518
13306
156801
18568
42155
35714
58046
181764
34860
593
23897
40217
85609
27047
113018
150870
125307
37214
44818
101642
85999
8454
58420
18254
3903
63777
53487
82175
29379
57141
49559
111409
47184
16205
84114
53063
674771
425999
118234
13698
1407532
185286
39607
97351
326521
441723
3985
22859
40546
50147
80257
190764
98916
123261
33133
95109
47746
181390
61125
22692
14244
21795
53635
38432
1446130
90990
320544
359791
230050
51045
62554
334177
289130
160890
83731
289529
75143
402041
802456
259390
160273
76603
7024
71637
62354
556394
395387
11970
372157
27726
479648
278369
23577
123078
422788
220256
73388
76655
295368
303927
126732
91567
65220
186857
206182
171207
45925
101097
465496
527442
30084
435520
432331
148788
103208
115886
459194
510862
87479
77818
6796
101859
32
124303
19208
79827
80697
2516
1240
66825
9259
39498
18704
73738
181164
82407
272997
192844
11449
300236
573915
304
9064
339140
10129
124327
160998
54933
38406
20461
25739
13828
28598
28481
48538
44150
104342
89616
3453
20070
90725
89616
74868
111328
4751
49499
3240
60277
19126
1
7288
168255
243332
59026
6197
38494
65493
275996
23863
86737
24316
15574
94089
5268
5735
49814
56415
182588
3451
385584
30044
10756
4358
239247
13869
50483
87815
96480
18779
23312
132391
38388
91926
7644
29572
139827
90189
38531
91829
32066
3150
19252
8392
65141
137741
182213
3951
70959
11595
38349
25863
4156
28438
109505
108215
540849
73420
120653
192727
93396
282473
33677
68590
3965
48323
76393
15790
13888
89693
400
62613
11432
93931
129797
355530
143827
112135
9456
43530
153913
157506
25327
177374
225444
103945
28822
194134
134419
322351
359112
467666
477
123530
150834
40482
11614
43952
63482
135295
166886
383249
203646
3579
453323
7683
211404
35250
385000
13890
141430
166400
142448
97721
50844
239903
412668
33
50489
146593
231308
134692
774567
33494
86583
209956
163761
24783
112935
22471
42000
22240
79819
265552
489187
67962
159173
94589
42142
394886
627567
99537
167913
222081
15755
46008
15755
47419
15757
171534
311
21393
122295
58690
165023
49016
35738
310
182772
76495
28
173295
60508
237968
126217
54084
31981
7541
152855
304589
954770
95536
3798
4740012
266267
27034
351420
491448
540069
82906
12023
13457
28782
304
468972
12051
534
151908
90161
77133
7429
45595
19295
24870
693
4600
97855
591414
119111
325
150949
25608
97241
11069
33160
54247
65936
51116
104749
175650
331876
16078
5135
299
86502
26707
27956
52086
4623
30051
13830
13787
4471
190765
180888
166889
113308
515188
5086
673153
1148871
50458
14929
510772
248651
36082
383423
5709
36255
80999
5708
283557
32321
163419
64377
380435
86668
45738
13594
142818
27086
183816
84240
4335
1
2704
75517
5714
36304
9669
26632
5714
36323
81025
5708
90690
46725
2419
162770
75573
2829
83749
8632
665
43109
45913
98866
21632
301
78804
58031
173129
32080
58460
1317
27429
29500
14855
22377
68918
4585
7412
7106
2705
81898
213436
307
64351
148973
44956
60021
159228
27895
145678
24464
192564
17519
55353
190130
108931
6796
312851
452663
113125
19946
148446
36272
18505
240641
5437
40820
24685
25737
48065
52119
159503
80379
206297
102560
618
63636
167327
6724
106230
1140
184126
171501
7284
52843
96220
74912
6524
122741
61452
74996
23549
29567
26611
90292
24574
7307
289
314331
273423
87764
21602
8318
22090
206474
108212
27900
52666
574143
26522
32042
38530
42513
188247
29134
306252
27945
126881
42239
50778
7576
206028
5125
79452
54167
4328
1
2702
34711
2397
45216
76240
1027
24899
88012
13487
176274
304
3092
60885
34855
72102
11294
296
24654
358448
31044
114562
194612
20620
16966
18741
12611
34796
124782
99637
81672
14880
61451
37771
375775
25928
22206
709054
10957
162702
106557
315077
43717
97650
446670
386327
456802
350920
696880
105527
358962
1352800
20497
53580
81959
1167915
760370
759013
111997
237237
128484
11091
167665
48607
35
25831
71559
128014
104928
37802
17799
138216
105731
86969
68030
63049
14089
15473
18541
364447
73764
5356
345863
47514
272570
264765
18458
459237
265599
36358
21294
109099
6551
13455
59705
5442
11148
4597
51282
34278
37850
13494
54410
329
40519
5363
78247
185316
143343
324911
349180
64196
263900
174682
165886
14577
107519
21397
8694
152836
41572
77996
22798
13565
11758
67517
2672
105481
29775
160738
21922
336172
82829
178919
450599
91735
23755
31257
115921
85033
82573
428630
1652
238012
14011
854
74411
186521
13023
199262
46187
40684
21743
50492
32711
343
69202
60374
34742
31194
162063
72324
889152
164225
109116
80289
49913
134577
909259
34613
90144
339564
174665
93103
466556
160718
748350
183943
82431
217707
73529
17249
460195
97
665353
147588
54809
277913
41415
36575
44518
32861
4021
36084
10995
62862
28805
87425
74827
35660
87873
180013
53734
131577
55222
5400
40969
248495
16859
16296
61613
74483
183244
15671
49550
82694
1349
5929
19
9162
23579
175327
71682
28279
90
306131
245389
142612
401280
130370
5028
256657
18910
247187
5437
117179
743313
38794
93624
289723
72434
321282
135624
1060
217096
93220
24550
139084
29979
95771
10330
249813
86793
4681
27280
17565
25492
121419
288659
92166
16463
68587
83688
42531
47165
52860
3510
117997
64940
16740
5394
15485
252829
98792
189387
135860
14330
235509
27699
43908
777676
556871
389158
78572
3219
248398
242389
277048
36912
86074
128765
116143
80543
245293
129585
755801
610455
314055
6356
168337
214262
293294
110537
408367
282534
62765
14707
98353
1319052
954395
972779
272385
577829
1
10713
4581
614157
126417
17147
307
409057
60874
331873
215831
256315
113745
376085
14058
508797
425613
248075
19224
6266
5567186
159874
7818
109528
58354
76277
21348
286
195324
4402
20278
20716
7389
421489
11837
839405
67678
346870
94530
181752
56913
481444
36649
28046
117576
4949
15187
498554
17516
434954
400536
249699
410880
294559
919549
1970102
12434
638301
1446792
276366
297
83875
49282
18987
620472
221969
111387
107186
651098
62416
230284
1186337
273449
265084
235195
3778615
2340334
981541
250011
262447
78196
523269
335846
322412
136793
811485
102099
106111
70539
76395
264945
191442
31786
81784
55630
60508
267152
352622
757184
806880
231800
1016
85635
912614
513022
303293
63784
66817
62208
1057148
1488233
27854
1106695
228258
331742
176537
865289
763109
251936
79518
97950
5250
55781
704640
134155
143481
412980
263073
95711
221239
72488
148136
1839170
46994
11084
677974
15614
179324
163880
243503
366926
37265
243689
663003
98774
259557
443857
162396
597755
223395
1941494
1917772
63930
421975
7061
1021202
517550
528815
577278
1231597
1982088
789735
10534
43298
43009
742460
263582
676512
258583
526677
150775
203977
82830
71924
249378
247
251693
114763
14838
120232
13610
32643
206812
298
11237
107953
39401
125721
24278
113823
1863
8235
2911
45893
1614
5817
17002
343648
16452
17974
70754
17588
218251
170566
20657
4087
5401
42074
55112
86554
4077
312
1
12391
33340
27093
165800
21782
109930
18338
1271
3544
22301
126466
1
25782
7859
8887
15608
98991
81781
67819
56889
75421
24439
54158
26708
87137
78183
36437
3509
10054
111064
269
5289
13425
2211
4063
57247
73436
100579
14440
20057
21688
321
26732
273615
207168
259460
68046
18810
70800
29072
19382
9713
318729
176403
77663
19727
2432
54853
235802
751
46564
177722
87559
146635
69069
62166
310
1
1
68956
7566
129325
32612
53903
316
63294
138428
18858
61235
120023
120925
127749
15811
35668
33372
71623
6623
45681
20984
557341
29698
314875
46079
41127
32046
57501
7364
89699
11377
46675
6965
262265
66695
304
88439
30266
16156
44525
6256
36757
39583
42812
99130
68169
43515
69312
47199
51443
1
79007
45672
119003
3067
23185
19053
43024
128172
254934
1883
7066
25172
13676
64485
382378
8520
33607
43748
45286
95520
58292
198899
92039
63180
77344
149346
17050
2971
1264
9199
226773
23012
16572
30250
79873
16769
343181
19097
193978
6555
28206
37807
99063
10622
158058
210973
1244
18954
236830
62562
34028
42389
23876
255827
45795
227424
208890
117686
115513
169407
97146
122969
49607
94264
74057
45019
188908
7206
36982
4464
19296
4470
274651
42441
33995
38552
34
64978
11180
19594
7051
22090
37783
6295
13572
84376
36113
1438
316
111010
1009
196613
111846
103287
24241
20249
11049
73415
163038
142542
117271
34486
23696
254230
221716
70902
34078
23114
1791
15362
54758
126903
23058
41996
12453
149339
7828
10521
43761
7177
67555
31232
22650
15242
41998
57694
29225
101684
55642
81246
29946
8070
13641
35119
22347
34904
22229
34413
2046
27757
32672
16185
94504
46763
45680
104640
32277
31727
293
28369
125719
17889
19687
11742
79245
13803
132896
48724
28811
16890
117730
132473
82499
85329
9907
43104
13872
177070
33050
16736
154225
49828
42252
29790
424345
49361
33295
156869
164887
22502
75060
100542
42269
66219
7770
19066
24844
40980
10497
20405
89948
17293
5325
71567
2367
17977
90853
21294
113491
59307
3703819
48636
504162
173142
316811
297
871572
2455772
131066
97518
29608
131095
104752
21975
21934
112018
41666
51783
126862
74327
35955
394516
298
101463
156744
46521
476290
16190
140687
123281
221753
224288
256114
282233
67446
149935
152726
74805
87448
53143
16694
8308
294972
219899
29680
24002
156119
155063
33710
78498
13302
21818
251003
7820
39644
175776
39656
14431
8967
20416
101265
140516
76987
29679
12697
99889
10114
189186
20459
322882
24134
310
84810
36347
28518
1844
85726
112629
269538
79508
436238
21921
193726
1809
52484
38685
31125
11567
63236
32068
126112
53993
157882
13569
96115
33273
119494
150324
191134
595441
306001
23
104292
101718
45199
1054254
62102
123249
356673
271380
20376
249117
97949
101658
71331
71686
138572
69267
162884
9840
32685
6455
4349
33418
3139
93860
18032
52506
31878
30
65101
23508
1
8143
55347
27449
13795
9380
66704
172785
80353
296410
265509
18269
42719
19919
16297
33612
1566
28576
8
283
172898
296
36110
5706
38037
32566
11965
11612
31324
7187
5986
24465
21526
10637
6835
62548
86917
76817
181057
48689
95301
23465
95548
39489
4347
20181
108990
34517
65232
33242
244808
3992
5891
204539
2247
4209
97739
87780
1006
312
180
303
26959
94684
135137
62201
74121
147134
6159
8792
11751
52338
173271
4286
226279
69269
89569
44455
3525
295217
283344
130798
1
30821
102332
82214
299210
178852
144491
132123
104489
9277
191550
65860
96964
276
83953
57793
56362
173
14255
15144
14934
87440
3376
58815
35175
184
10239
22202
21510
310
37611
308
13477
4549
41280
134348
12645
29500
241361
9530
57353
22575
37065
89672
64672
67336
6586
6549
1426
3002
4320
928
12563
7455
11353
4066
17943
16689
43854
52526
42366
305
94208
4083
100570
270239
465
116492
220417
16467
14577
14699
49213
16022
55910
515
59281
2
2507
5580
73178
110714
80528
17739
53874
301
14065
149926
34047
50626
9690
37080
15095
3339
215355
183604
385035
11110
290175
666005
74512
26761
21842
47176
135507
11760
222
11141
9976
42127
5452
24245
87180
21189
237014
76972
38282
17602
43124
80663
107038
25445
475019
171633
36515
151129
105695
81337
411047
119630
25966
829678
414729
31069
76834
375824
163704
741753
609612
536907
586206
290798
336
839298
195543
56
617406
980707
148053
74873
271292
112315
91573
184527
272634
603694
1391
76598
1198840
617828
57558
1240471
169455
451936
302528
1103304
9546
92630
272414
366240
903390
189605
44644
765935
819002
1714625
1372338
301938
51604
522919
271693
241739
7355
53004
96949
346236
54
55835
138497
148989
183938
385220
197233
218341
193103
138223
32723
129199
297895
446617
104625
41343
219982
75517
33627
209355
36589
576390
290851
218840
104851
142265
175930
25897
321727
1402813
606110
60817
248113
106857
76955
22212
25425
16162
82878
31024
66939
10436
214459
110351
2192
512186
168731
15075
443611
1762711
191870
672330
141162
248103
28510
157375
71744
9249
99565
312209
225393
736157
174316
79122
127184
6128
375828
79844
341169
615136
1305320
176335
70502
440695
455735
572748
377700
35545
104938
211086
260216
509670
49028
336775
490414
714401
95019
203044
5904
255872
265925
218892
11365
10022
93024
41276
17129
58263
86025
19817
73906
491335
302887
1333365
121311
289250
181449
231864
47825
487670
193946
222460
95721
1727911
96572
156972
142358
34823
5205
366025
70736
296914
14348
486924
70277
355018
14691
50520
24564
60990
683147
1484066
339866
519687
604171
1267634
24337
56785
95621
162869
14435
82308
43137
66343
43839
196669
22661
89201
21412
141932
11
55833
31673
15550
45119
6850
112561
135004
28064
522172
231323
344340
282686
97339
83030
47563
511995
82228
191237
171228
364037
35452
99306
27988
296887
16449
486858
402536
1147490
403738
280912
438004
852761
65131
180903
202190
13219
49150
50182
17439
5483
15713
2024
171045
118251
34818
396649
181103
523945
982099
93883
7907
429604
67215
402765
244718
38
39
127165
554337
94296
177892
95338
1125213
976012
898136
399776
41962
517467
54040
223058
505
755759
411264
158547
525419
1418
188317
990614
380389
59393
368863
98728
302457
738936
330731
421284
96152
11590
284218
75826
239736
39165
74753
415877
137993
150261
277868
148710
73360
9364
304648
166778
596996
312492
50319
30148
92418
53693
1753926
23387
1187581
43033
3041990
1967
26688
330744
233178
22424
202471
115096
241905
239246
75820
69720
32861
100243
150996
317540
64983
97111
206325
480120
33639
41352
38530
361961
965864
40261
62035
49038
137986
121736
110482
977729
1357
33333
393
204786
311908
44423
245583
108181
103818
75228
52719
363647
513484
188463
798772
89808
692756
341607
797980
764245
45751
98523
122419
35917
311762
480408
752353
455446
113430
88467
10017
75889
130710
591096
32526
14875
1015
16912
36583
24155
11905
114197
365233
319597
239244
58
71876
27543
875542
99909
231969
59165
247093
271495
39858
25112
180761
128563
123505
9935
70362
154561
762551
676476
273117
105484
506383
184438
591392
1723992
1066273
553026
163736
478981
778194
303881
75150
24543
18888
26451
228045
314
403134
1009329
660587
340753
1025647
350570
1708019
10949
477067
729
93711
62863
6273
150745
441516
990395
373425
1120074
126546
407428
188766
294860
15253
6201
487441
93145
1478525
491795
205090
21121
47154
23807
166471
65981
75554
80313
74681
170848
24862
2346
128080
75429
52187
745719
150886
1021829
76006
73290
1048516
664180
907689
141079
397042
154512
106126
157549
1240811
95759
1900195
18809
708593
886089
2491
1298577
297041
170426
1072
552855
972331
816537
598507
220315
433492
930099
90135
931198
1995157
95353
419825
169455
16252
196589
392914
30038
640906
988775
391997
164659
260840
37168
77613
100506
744069
754488
6623
670459
1047612
449575
473933
333927
63736
216689
329863
538986
215677
308385
27177
362234
296692
45385
1562164
53515
53415
1081811
162516
266987
174551
1
1
57532
275489
13608
67399
181959
102976
33254
504997
196938
32147
206261
211581
13859
642684
473998
577522
360581
222464
121146
661867
169981
250626
186057
205130
193839
352828
30161
3892
920877
26559
66649
193635
649409
894169
340009
878230
36809
330182
516026
1655081
241407
359652
1641025
12441
398893
557700
481261
373938
9253
884947
1673897
419044
917138
1062943
610587
192532
310789
71440
50594
100860
559168
1515199
332792
157398
183061
46723
57
120307
621601
683678
35573
3349
184471
460675
565734
660376
96517
313
1133111
233064
277223
102953
297827
352667
52034
297261
11428
23415
62985
12359
20643
14717
21963
65238
21839
58174
246212
16664
69960
43
8122
116326
65011
17458
161562
567
9689
64740
1610
5990
53686
847
145544
58860
532
476010
125154
499350
729654
565685
38205
135555
63528
350428
461972
119629
24803
260620
1815
111374
39387
31350
53287
76863
5443
260078
18353
144872
53048
374000
536160
192267
117379
163874
49036
267387
497487
171573
2858325
15195
90424
88981
141778
652
666716
348227
234295
21521
405625
59494
113052
72323
43482
243620
543782
306
7546
23434
10020
217489
1354080
136099
21686
232099
75580
68161
867550
134850
618490
1
355280
69130
184768
1687298
430523
234771
381422
25407
33742
48831
17562
558
44609
7349
57639
770079
615527
698269
171310
244826
847166
16408
78928
60373
60347
113350
474012
1230197
17035
535644
60410
85621
2545
26660
594992
204188
1240
116682
17194
261950
220117
24881
41217
50132
42112
7162
39958
667612
295609
2095
110378
58814
102903
973
11401
17561
129336
38723
140832
25828
41079
191325
425192
310971
50602
388816
139604
461971
61747
271216
117042
248480
297281
957497
173214
484717
54661
27915
184333
142510
234462
63141
1690
388528
413156
320
1120486
67447
193735
711698
172459
328667
187852
132329
113828
5615
77406
253946
194228
142286
68706
580103
112685
254242
78586
6782
9061
179879
137108
60142
124
143089
266474
570387
12131
91362
6631
9973
112268
136371
105445
297914
107210
207961
16828
44309
548570
3527
43675
104034
291037
128793
1291854
525920
236383
311810
45608
438463
999588
422540
5255
908338
401193
191572
72701
554181
262512
452786
540242
40752
211821
1020575
436919
285492
36530
237332
489187
33247
1131965
358581
137931
17754
289479
43090
351574
928488
30630
89712
15523
672668
463772
259332
478641
438720
915649
732407
224716
898624
93190
19163
159218
258466
357601
4810
169061
3130539
5187
223661
39671
72732
229733
423052
1062445
123798
306
33855
27765
4332
67462
66079
196506
126646
68581
242917
23103
155691
42211
73820
41290
2704
22992
6711
1859
159193
576305
76386
43984
74348
92313
114738
45713
237650
193104
40258
3028
24704
30622
24333
180646
59023
386665
309513
122520
104180
77368
53612
105498
209316
5865
110115
256305
110074
60679
116903
76610
76869
19749
28964
10728
7973
53284
475
24932
22283
341152
47397
240071
330226
40081
445435
377473
110026
221076
63398
1809741
80151
430664
307908
200671
299895
985068
43875
170814
3786
47590
17942
11242
1800
19091
111019
687994
24923
52163
15973
305581
567750
35154
377496
52150
91242
78713
1145801
66985
59275
13661
965
46711
13723
684
29346
9293
26548
22687
80327
5862
21229
74783
1469581
85823
12107
92059
333258
6167
124995
127268
38950
130487
42074
1876
340214
160349
40272
216228
151459
39285
597146
295119
154172
406015
185742
738335
25441
65289
21199
629
18972
22606
7921
18056
36642
29329
82377
15564
152410
802297
125377
669654
234189
689963
62185
30
18875
584292
80148
1491175
133920
37154
489571
972504
438743
14099
256235
189780
183786
39123
463743
861942
13008
85533
252281
109181
213976
91886
89257
48265
19052
25442
32208
34794
30
23068
94501
304
366
307
665027
1557
761701
34097
345
633447
1557
478346
1557
483543
1557
361641
528990
594809
136388
675709
45772
69605
2480171
15226
463473
509381
14057
266867
709506
540108
159358
72432
107480
323960
66989
80926
108579
790955
198487
35269
255556
252112
472015
244360
160809
7877
178286
689544
157034
323281
180376
1462848
196100
417697
49839
550903
814401
153493
74724
414285
116581
546288
136889
606299
105890
221041
101833
43955
65704
127840
133116
1072357
164639
168307
122621
761315
97599
143026
890
505578
280056
25737
24890
611521
482150
255067
61176
33853
605800
46850
569216
179350
328012
83613
43223
281428
64
47559
266969
593491
254927
94122
168744
218802
151498
69473
88993
399780
25854
129377
92214
2716
13614
29198
79223
120186
115588
2718
391798
160858
10301
55369
74005
21361
516714
1347396
89549
204213
1039384
1842986
242854
263621
31159
29645
90498
34094
345
473489
63407
17221
48051
73724
190902
69567
173621
307
73644
298749
211375
347240
6061
3591685
12280
15250
557956
116956
170721
6236
15131
485725
12071
552005
93670
88533
6398
4925
630
6604
20021
22237
59821
51140
9353
18730
4274
65744
44751
75420
245291
55
5696
169253
198984
147252
62432
22004
172275
86887
174589
131661
112863
509327
115771
507828
42212
60497
18399
89792
77453
262300
126564
42763
71189
88622
119870
22004
79319
21996
190342
31774
30929
76017
396393
218170
8030
22876
114817
4215
16203
632975
45775
107200
60098
145954
13158
86429
2723
11361
44404
294
79147
210635
124811
45031
14998
298535
71736
15279
117326
206250
42652
42241
43177
214663
60554
89016
246104
20296
562838
137283
237578
1276777
748179
64986
4940
292847
167724
82612
46637
66200
65093
3157
74595
71034
23119
122665
413307
296731
124386
8427
11821
330439
130303
82857
14236
12355
165054
77268
36090
39125
58
14029
90043
52012
220981
382498
20043
427905
342229
23100
388139
87099
43631
191205
89364
1099281
245437
124158
164364
490160
11121
350815
16853
76976
104137
698050
285031
76761
104856
118392
13359
36032
258370
61969
48314
33636
168990
51552
448823
314534
15592
35
14200
95060
74575
52781
305571
94732
32
14907
25136
80365
12543
282249
144673
82695
64712
94584
76302
23840
47814
16643
54446
2863
14992
17214
17785
147084
776
51001
117494
277757
86525
152103
254804
7682
204758
27280
36437
74963
67073
52942
37536
46771
58231
97736
173653
33970
121871
607822
440060
19421
146764
238244
81655
104694
107567
292
275479
51995
198927
193500
222426
12937
256897
97252
63642
187216
191254
207535
159791
547678
98448
156368
308
599909
355908
537502
25710
61698
180350
180187
2842
36907
27761
102550
72980
487
104236
48738
10276
23512
132153
78404
42313
303
43596
88027
1572
53796
362231
903889
558713
518143
394515
384314
219244
519523
996729
499599
835085
1689826
540255
579287
13569
200644
21508
85775
3141
120413
219323
105005
25047
55384
5997
182008
101615
4175
44861
60854
432094
453119
512769
79524
9623
89103
660569
54796
61974
779062
123
22030
930500
1342
8397
14835
174824
454549
264752
159765
932784
752837
300359
309950
496136
1560669
250067
309304
1102109
703782
543756
710291
174345
134782
7331
56733
169946
30586
1792738
964496
716916
135674
826472
1037171
359173
923055
41867
767305
68797
272257
135059
150648
191959
139547
1785
192785
9156
66644
117867
46622
131318
303
7074
4170
383355
242812
409413
213098
680960
1811454
88487
147113
838434
1118694
224404
116020
32995
45422
149816
504348
321845
45300
1219839
186784
8957
256106
347523
351630
304400
84997
35397
165995
900623
312
620538
361995
27260
89250
731902
326832
423566
73064
136280
5539
23678
136084
48017
86287
224725
41341
41718
263109
12113
9700
29217
13332
11518
43418
142197
145300
16736
22283
143829
89605
187906
311
54443
4851
60449
42794
17194
23026
29841
14565
91530
19662
117193
8553
48712
14004
95795
271716
70254
22278
40305
3415
14490
61883
35746
10506
25506
64771
107690
70861
1071448
7566
7140
130523
405953
304069
301387
8943
108985
2071
30718
130482
111986
62122
164421
4500
106161
32937
1082396
136191
262058
936111
404159
79089
283385
174105
8120
57939
53341
244221
138483
184554
27943
149127
15967
22799
1146
4937
166313
75436
118843
6997
29788
68948
224501
143298
6542
13457
695840
42223
37758
1715263
399765
179905
127974
39425
2042826
306
2011605
105427
937515
731213
50737
1617330
116218
156510
233424
238470
136950
750516
149735
460898
152098
154325
503478
509882
121742
56929
44771
89237
283
2161
4376
88205
374775
1689094
873253
179904
647367
460557
175813
774404
987323
612431
569503
770271
241006
2110607
546130
743817
219940
199652
248459
772100
294784
36
859798
674093
1159977
707473
93668
4146695
29683
20212
895013
89914
86301
77190
726493
138885
1678736
874309
1446572
13791
604691
514401
79326
1
11381
70570
1264750
625804
174706
207326
54
112178
508428
191470
271849
173746
466385
104890
8219
50098
767035
17818
995452
1085153
17656
451542
39331
7587
83758
291
17729
154074
2147344
508008
337479
114334
351990
161176
380549
368962
120634
171
57029
63312
810248
2565123
127458
248918
770278
672384
564155
151981
10669
241624
15103
1531
293917
153673
164700
538490
110618
1167242
531836
499731
399020
759744
193405
188524
250706
2295479
796524
312423
184231
28458
33731
20661
36025
32302
464438
148294
135789
635679
199344
144809
19293
589334
641979
1055187
99075
30
63336
77427
30537
80785
631536
438411
1432371
212613
22496
19362
149496
24443
122282
7203
35754
271683
978201
148583
28645
158771
192888
204937
25428
49135
68393
54612
988309
782320
719367
72523
60639
97739
126159
22223
15737
25640
39357
18735
1375
38034
18730
155048
255668
630346
424187
891112
695721
1735070
1235498
780524
840691
24744
171089
88640
592650
104029
452981
350338
709140
861880
45706
15731
53798
60160
42371
317621
141523
835099
457869
126654
31557
586831
166955
940036
472575
133794
309
642675
244409
302682
388419
130247
134221
747855
34212
340142
331647
1539534
960095
176248
132548
1435541
794700
171933
711110
612674
511989
2066307
13079
9841
282722
62495
130520
35645
245538
233699
44839
57806
999819
50665
1631
136204
290711
103804
123365
120241
1602312
109171
221401
995096
309677
373705
174450
345771
241584
353079
287331
68194
106679
890567
333018
132718
7384
112155
181913
9400
7098
323350
1182154
457469
160568
16303
22600
30668
4917
13565
7998
267504
226819
229926
672230
142967
69913
120389
79607
22446
141713
63374
100174
45493
134869
88026
40182
12650
152720
663966
19111
31237
280335
39213
27375
29495
110604
136738
1173879
974042
463262
284686
429253
25005
11942
467256
210924
650531
299
729316
595290
587928
51761
1304172
205254
191079
197682
205038
80975
22747
500145
68451
805463
28297
155493
83664
200771
132146
790
49239
52662
2565
154647
140706
233478
60225
2022
136734
73140
26585
183675
24363
127294
182339
68011
259547
54662
63395
236903
594352
380720
345580
201440
7597
148362
293
101583
24900
11839
22989
51663
10914
9597
129
297
404019
107529
665997
440176
150879
2487738
66724
73918
60979
35971
2070162
2252679
333617
300531
186414
207424
1034635
974740
119290
227179
388061
422828
4932
1200494
50192
283454
360884
44311
24536
205937
604884
1081708
2018785
910064
492548
162297
204937
1353578
225982
218449
90009
453
218077
76294
119176
84064
218124
277709
109915
72449
131325
395264
232083
441655
532611
255121
12138
2957973
428684
688106
11161
375444
273971
21422
392590
229606
72359
139188
140417
65656
79383
744290
432838
1069121
425289
134490
875263
312484
12809
150680
203378
38424
189310
87024
70284
79548
80209
26977
9081
28978
75071
26001
116218
49461
2938
50357
114902
898
176788
1941
69546
2748
73336
39
9480
46797
16420
78142
179549
241041
63871
61602
316
46393
23160
48600
56572
254422
239505
567337
481601
594117
547984
990051
524985
269904
3576859
3402643
298432
473897
68144
34980
260183
102392
8668
36912
2
595600
3249
202871
923809
92140
1089436
186666
78552
3162
73707
83880
18939
10008
217323
1476486
89254
1481332
1423069
140920
700568
175330
436356
1325355
863805
313
127785
1294818
362783
234117
49
171205
13201
306043
750951
102160
803638
1264104
6754
6352
374046
133
1443
170498
207349
1626104
1279275
575119
613752
13374
8215
75391
15339
205760
8166
285522
34868
1545868
81624
34996
547164
191583
80019
80630
2166486
329552
683864
56087
90611
330566
90898
516811
15121
381175
16578
76724
170347
798199
167201
1852985
358933
774549
839930
53389
282597
183316
929642
459232
210511
151984
101449
1748838
1052519
24040
391789
539083
120304
208367
829730
3961787
2474785
191760
271078
109052
10914
24181
2561
1486709
402002
40340
832204
2650579
281704
155553
731344
67273
183302
514260
32983
3498
143467
184284
1040669
1639387
770049
432185
118762
400327
514396
834856
1239159
695975
169826
141677
8046
22546
249774
17362
222194
205080
119026
630026
5589
250175
810068
472119
1174211
7479
3871
573469
1786209
533838
66907
2021432
176472
93917
158663
82042
74803
209169
142330
260077
328157
1063708
629092
402382
112941
842777
411643
218061
419673
423217
816899
15030
35688
614481
312281
354194
871776
570135
662414
603942
65861
64065
151978
8164
45223
81518
14651
33913
252337
1341979
17723
712091
92086
287648
436879
98467
848600
80233
8011
617884
109719
616993
503538
39561
2616644
321326
113617
1672099
121237
147763
658954
71954
189210
763701
1357551
170451
292225
137432
78485
12494
646672
68440
432184
23640
119261
312222
12286
427191
334911
54368
31
276249
34759
172262
275092
489352
322244
434948
525592
421603
89691
1308699
324064
519073
190048
255723
783276
1227364
927067
114997
76315
5529
381138
292478
377278
19833
1926966
837009
677908
64149
187785
55312
121981
373078
271088
17711
136008
253187
251442
896186
1142005
642230
494261
381207
70687
321114
90201
214396
620579
1110281
572475
955237
37004
1116566
182851
182284
73
580814
216313
343915
488753
325644
66044
203550
102014
297177
19442
259500
35553
288400
310825
192178
151388
200999
123807
4018
30185
699523
27257
92148
142590
213102
47934
74233
339178
249589
299423
299795
41893
419661
191678
157969
76637
145353
43569
140185
202683
206141
269
80811
497775
242514
327196
354128
393470
317065
15582
514174
1571744
681800
711200
1877724
686876
1520378
185007
1587
815865
7077
34284
712640
138871
136893
124976
191797
82869
617768
353255
55288
1715655
314688
11168
93132
2089567
317800
21147
371298
373839
887991
461972
1039503
600806
114409
270387
42
287923
424195
313760
160
841264
399008
228342
133184
103295
91840
124376
187837
415500
309636
113023
643504
156515
774202
488129
9613
42764
641709
432578
20648
1007819
21727
9501
58598
1871943
529605
8195
59523
68474
6652
51927
23130
1150
34035
1550602
73485
51332
598187
27450
64385
174391
92740
3472
982956
640942
459148
47769
134574
84088
53470
292479
270670
82038
425138
563040
353117
25057
93689
38222
477155
417569
76774
520960
1705498
190819
1080
157772
86298
72059
2389
137733
1352326
97583
54224
318008
157338
70654
294443
5248282
421880
284093
99859
82419
657850
536201
373692
98779
243057
54870
293936
71205
344997
490258
405099
67724
90809
401217
1110110
26750
314
42031
1963258
477432
500877
573974
12794
4285
8980
1659498
140732
1730617
150779
607820
67773
137908
164047
281332
12576
762985
373374
871566
290250
69977
64977
22572
916826
25621
7653
906
88841
107452
17303
26665
29363
39858
46949
41652
61363
35168
422597
88799
307662
35138
442879
88805
40871
83555
840553
187231
154616
151862
675047
344153
1084479
77179
158660
36439
297586
303857
98353
237252
573725
68723
171053
136523
868773
233477
472146
55758
324974
131932
382093
151056
254375
50303
19342
43956
54372
409864
81344
165099
905019
82804
76464
526302
1498884
253233
471429
929512
1424033
615409
535456
382881
331350
1354386
56609
851468
124577
482654
551921
146211
487754
156253
1917252
1902205
162228
702580
79142
2086008
212768
311662
1531606
129748
264555
604242
146216
218521
794180
27596
857067
1445158
1341211
570043
711137
54654
1512916
276881
449261
405996
98548
606912
110533
646641
30679
75983
549515
33520
443694
128755
669164
770421
1265717
156611
1066015
265206
770728
31939
175894
6041
9036
27447
488720
33079
484096
79462
41552
33532
639622
283012
33
139760
127627
1109706
71485
339162
622245
177595
268552
643300
280136
225647
878349
307546
1164003
684793
150551
789260
792193
42289
779403
66150
132161
139635
176682
979061
18167
366202
51012
1490
37118
5095
100123
625519
241514
2505
15847
37181
56498
264779
5657
15321
24682
30620
180637
27924
32380
2145
181386
1265
94941
986224
847439
530058
751186
297428
61999
17957
61695
119315
105847
75485
63886
359980
108892
1671
15325
84209
46713
36586
1090
3
35492
9740
20174
435695
171507
186039
33151
48224
76986
45286
24082
2595
55937
15483
379066
380806
44880
79784
14262
10505
301
219972
345652
7832
61884
117862
108305
172426
291
495344
447557
34968
128426
65296
200932
41393
23315
2024720
159
39174
57306
4469
37890
120557
32918
550754
95678
1378232
134509
548286
970953
324793
233814
160854
129293
300939
4438
375924
133132
836218
1420585
83858
75544
260571
88083
51882
757769
479855
204998
500177
550014
554342
144230
17658
243603
1462579
164501
1
359451
74745
56346
7270
4762
18435
149675
1298859
763071
443615
165360
34
633439
1913053
749781
244889
220300
2319410
52261
284646
1272109
459916
233879
48332
508578
111706
66635
3842
103769
33027
29792
7962
118675
246616
115809
5283
27025
99968
65612
148841
461321
806440
25901
154242
19443
32
11231
898776
56504
92390
57
367018
4562
43527
17614
213022
59714
40243
80868
62062
368193
220853
22291
132159
84973
371348
17598
49164
137508
64338
17623
46860
2965
70714
175768
228846
13978
2932
191762
62843
610613
31005
74452
56834
31748
4555
8654
38429
11831
511991
26924
64073
84248
31173
238520
36
150753
235839
158154
58727
20142
19340
121634
76477
477053
86093
973462
583180
197081
50677
455772
386498
290
68407
120128
35344
256337
203525
174136
5073
348478
276904
555914
879682
364517
245100
794152
1144314
348705
65946
36220
383511
153728
308635
86839
116311
368343
492493
543076
409050
771956
133702
210068
21244
16985
35312
1189936
55159
23020
107456
7990
6097
91954
18639
268824
136822
182093
407369
338672
149281
324994
297529
173889
122112
38569
36961
22033
12372
276945
1214117
397932
93932
112544
295924
49998
63039
197231
72723
42097
227936
295857
6056
463654
153593
17535
132070
354635
137468
632632
301840
1084857
69408
46247
415636
319713
252180
206788
28008
105478
285925
70760
128040
175216
762144
273044
92538
46471
134493
5786
13428
1707
644776
86752
44103
162969
5024
33923
27314
68584
247455
263166
111821
647841
263532
637
277711
39076
215610
18587
162243
97992
279758
12511
139282
49567
3061
14714
65185
32516
245996
204163
829084
85028
84305
20595
147914
16447
39321
12214
32574
90298
137849
352972
69368
72803
18873
19022
333458
27512
572423
331188
76543
8617
145014
17338
45702
88877
421497
39967
116778
434792
116454
14649
110382
220406
89322
163448
237365
76934
271886
56484
265899
1020980
2812
419450
909177
480960
238428
270772
26555
69729
125694
180691
336424
64207
77544
166691
65274
82596
133922
186061
61902
20273
4883
546213
52604
178248
148437
656006
453852
509177
3495116
2566928
57701
380221
513476
702096
94955
597508
186941
141163
25077
454199
125653
9695
909765
255037
738302
2892787
227608
463489
874647
552386
1029835
51952
16888
46730
629685
145677
1428298
448819
84485
1160843
596906
484316
483179
40186
631151
788913
21690
68547
274007
467513
67371
1781150
12673
36372
70290
4176
23531
4992
10507
65943
1102
12681
5529
24218
52076
19989
19276
36447
50983
613728
1399982
81398
193591
124369
2635825
1312849
1532719
212741
488328
27819
106789
266473
1080327
264366
583393
789041
24723
255681
67518
630519
1057196
569109
116170
532422
372368
406794
10933
233062
120915
35235
306
11327
45821
530170
1016283
135004
2744953
293109
58795
595858
99989
211001
44985
491308
915118
509231
539419
1242252
60836
72488
541617
101397
729420
75551
3785093
32710
186071
6124
311
114332
940542
6240
150703
32022
87326
328183
53464
53446
1885
313890
9015
236453
18388
74702
549130
87411
27318
446181
64238
74793
113739
134449
486958
69445
278648
397169
638536
95849
23960
21213
45182
88826
25585
23396
49823
217809
13
7876
316185
273392
597338
446707
198836
347532
8842
270401
49384
188890
1167772
392894
1151113
1559089
224242
234085
840668
213963
30352
169671
687435
663622
77550
8960
38311
409958
1107751
55022
16602
340356
247883
67396
787806
1097892
240648
258341
151239
1060064
62244
26864
230008
685323
920440
54449
195669
748028
700858
95089
46174
165715
172703
425
330123
95839
89187
44448
149949
679356
1029724
46509
205126
140906
44739
90912
38205
210505
95735
426490
198579
419465
437923
2611
923926
472996
189387
98335
871062
4851
57643
508930
1646736
2198169
530615
32839
152480
427136
171174
210817
23323
1186617
888377
186270
258304
478980
24867
532916
22652
5438
15883
60144
47177
42142
335694
468343
188211
83263
139309
127318
6817
166431
188575
690962
141284
23016
24416
7226
539583
281192
421834
411453
694613
935306
231815
42946
2003
6498
110826
188162
43477
522274
116916
834779
212156
310666
148292
280293
371047
33637
60532
285034
12199
186270
241889
243154
48283
12388
60862
665172
263457
162096
115126
487591
173372
166659
341522
44197
1
16546
45800
303561
133664
342386
317834
31057
805912
133952
57591
23910
451068
1304242
867457
113240
19477
1169249
166879
113216
36439
35750
1982547
835888
235680
117705
5167
11389
177523
419300
353007
30972
93157
2202
140414
14565
42522
168861
32093
289399
10248
100512
78346
886185
88650
259
57292
257534
1958
58869
147383
304099
338
112988
1508
6887
66384
35815
141655
9678
171288
45004
44556
20164
118532
38581
21463
225120
110742
50104
58215
14
77758
2942
44505
43524
1690
412064
44186
539908
1101317
960284
834392
764045
599130
868226
93366
117348
162306
110489
363641
329843
327018
330241
707690
291753
2587971
105029
276449
1211133
283718
105744
483300
497378
368634
620914
569941
337953
67847
384593
132184
28012
40535
1052463
354626
1189115
166510
300
14365
67274
194481
380526
118290
183668
13326
49929
444016
392262
28342
515720
144008
73651
8550
460650
2141267
343633
374302
111377
194383
1545
433966
28028
43970
297
83406
182775
39377
183531
3501
347588
865097
316883
309467
262491
6431
156288
222
25062
125470
7409
299637
23211
188567
226669
991488
1355141
28731
117753
7656
587949
105572
1239
118703
38722
199389
11724
5604
46440
1022089
439559
803934
861801
4752
82221
138384
184605
330660
648729
8219
28707
29943
91789
8767
22532
814290
7422
199293
109704
120511
28617
951151
203795
235503
40279
323663
36351
387450
318979
45217
218859
197525
57313
589856
131123
806408
425493
141464
636072
236855
100826
1334859
120625
305082
156641
446507
307834
347082
300086
23300
36561
2049
249000
275138
59364
43502
15485
140259
5319
17232
153270
22506
177663
299026
103101
123602
76584
5479313
119495
39334
149382
105036
220133
129043
47091
269311
24611
33005
8731
251028
39175
32577
26928
19314
9436
117116
15010
28811
38455
9856
327488
371035
317878
74664
68441
20659
128188
13151
108109
161126
13387
11297
5003
39966
113821
82929
8886
37561
3927
159
144441
43785
315138
1361
271151
169309
137733
25865
125258
82540
2900
148957
98223
23636
53854
58134
70766
23099
74375
91840
90440
78027
26029
187339
153837
100321
458576
252476
99087
91080
548577
132402
30319
275429
305
178690
26
222006
365636
295290
187524
104888
58897
69036
1363
87114
169391
261987
364869
4466
52612
50236
302870
21882
165043
13056
40885
78558
8840
51698
58023
244944
64150
146351
137137
14602
45122
75437
356133
76346
93013
16264
30065
60570
112247
34654
83224
26020
296241
138919
2835
15093
36465
17457
103865
2796
90698
160625
84235
36484
461500
209779
17070
10737
1617533
118052
170793
22658
28
1398866
865428
1003893
612058
497274
168566
909909
232396
1361351
346829
927165
294757
262046
319798
26266
973737
329947
683287
515559
505125
249117
144344
245202
802925
587349
272890
453060
472252
100672
533044
134491
186713
738769
737213
207616
261368
247329
81204
21829
89462
170407
91479
96549
82197
56746
130389
13183
78815
192534
232
22158
53487
41732
24843
883
5291
22075
1116
22625
620205
89661
164271
22082
70652
1153
252930
14336
4
249508
301
41735
304
4399
65714
86311
38446
298
8351
6241
12266
16476
4037
84166
82658
207926
31968
66087
65479
544238
98918
99003
566448
154756
63947
159595
771993
78011
300942
281613
18789
62853
314343
177761
22351
23106
60073
35971
158293
111555
217865
388528
368650
70295
71588
41897
209075
340150
290330
2246054
1375845
1326183
41711
54671
544864
584758
257525
815000
1011649
603140
258707
300846
75011
79700
174139
342448
569800
746533
1770516
514493
554418
1100629
69027
170917
48967
194747
64474
191844
433798
537686
644776
237383
1723465
439715
164487
190957
35624
276
40880
119005
343806
75451
30853
22081
130717
4991
47327
32923
221071
247797
56986
40013
33924
39196
23461
10854
12254
29471
22987
19953
74258
44578
136798
94255
180241
80536
61892
52652
67692
1
99560
704196
1289658
46903
1137396
444610
293261
575876
47417
37872
15359
48571
88898
400849
178208
446508
1255100
241695
38152
153229
270993
749400
35199
5228
86949
562189
72549
230697
1
69951
127842
318349
660391
508900
11063
458012
544844
182893
235252
31168
142852
25346
100725
50122
906917
38726
131984
519951
809200
347515
50623
939994
197147
40002
107300
112629
498624
297273
38291
24611
113041
1587
121781
8408
128150
255910
737466
304287
176503
161654
22433
408774
92513
675613
85707
148586
14672
15295
22691
3008
11367
1610
127869
404690
144023
17057
207077
405101
369971
146437
250726
472566
481637
131132
366759
474983
363805
1594
339668
114189
19879
148859
1126869
7304
27742
188637
263922
944079
179068
730199
329908
298008
417544
275008
21651
317453
528181
79927
677697
464502
548617
52659
111285
138618
266561
349945
28
214350
112677
451716
111489
418549
386310
58400
259520
47427
235138
11147
561727
31044
155444
183513
378499
352343
546245
207533
323752
242009
194497
448738
1335855
275814
834105
81861
217887
502072
223416
149254
363373
108986
1502467
129292
550115
291736
2
1
293091
930124
1073356
277871
60621
36665
7267
39280
3641
272919
292
142165
281514
193323
189374
424729
26696
250731
240775
279532
249472
354407
615024
388435
26
1272434
717331
486621
4516
754132
457539
128228
19906
131134
153484
233478
28248
8880
81254
29153
7688
1528
522172
66840
487698
557911
1036258
23336
32169
344433
178932
606290
389607
535116
54130
913159
139404
636587
241726
188072
157523
121415
22279
35
117806
5789
6112
22738
24093
34501
7086
92899
55621
110165
31403
28268
308209
1029379
52052
7627
64555
633877
116887
36
181252
94452
65117
10867
38789
121269
227381
326124
225043
172953
166248
8
134292
28183
104561
104037
1407
156405
179282
25620
6048
88143
255584
3922398
1429
145841
351217
12736
10212
85039
84082
321858
1288253
981752
161686
86358
872873
404486
526712
25247
216934
664814
68788
132520
267685
15712
290002
694095
489671
259513
175791
32189
134116
284517
10510
544835
256879
597693
509554
28612
65891
202159
160210
409311
302291
577469
1233945
247975
241164
1410176
733723
968359
587326
63735
17744
231231
704683
18832
176044
57712
24021
168755
18891
184421
69045
1530883
549798
26
217137
117282
155515
126159
100813
312769
1366384
600687
103086
447042
382850
33187
240464
278203
1
4139
17411
72721
117307
980734
269683
129433
15388
382307
37725
1623899
1342365
772678
265592
444033
8712
79220
414213
495851
299751
648316
917582
265196
822371
156360
690631
108161
278165
57010
190937
262054
8774
32153
80011
84309
268392
349703
284900
1535724
171311
661807
486501
309522
743057
834574
95383
66930
17605
1362151
472583
387740
238139
118711
76189
3
35923
17428
2211
135669
138225
46446
621154
1229968
248933
6171
174399
227306
6276
42485
6504
22746
4325
25156
22840
189250
7547
6186
235559
514405
263968
367219
16608
353888
913783
75577
14643
157190
57987
363778
5617
356730
523716
96689
71240
30657
6459
24538
116740
271762
66560
333634
740446
1658194
630041
295379
11118
782793
475207
1484128
3826
1614829
175319
763714
3487554
344536
416869
1534546
1112038
743599
189699
158940
122467
1319318
188524
85741
136019
331138
113293
312048
571378
123337
187995
30182
550286
383642
119647
2835
37546
173092
90762
45774
564153
40538
23597
183101
815586
183381
245667
138730
454164
258985
26418
138457
98917
172629
898362
1096096
108798
244659
305575
359415
1166584
1000812
180526
95408
935923
952902
1211673
504778
95035
767384
348484
134745
151274
60710
415215
297
888300
47313
98670
34154
350058
30577
465
282242
115764
132614
2087543
276355
5296
146901
378923
532127
146422
8840
19050
10391
251344
29356
84947
299
182398
42136
78932
285568
124768
23204
71166
23387
61424
4980
62579
68010
140175
92823
17298
26746
29557
39450
46870
41649
61437
40871
88746
445388
35139
83548
55284
75023
120044
8752
5024
33922
27314
691908
640192
869014
21315
540597
201941
3061
14724
65175
278784
203815
631211
82316
11063
499851
29
91609
2796
90698
148323
431561
56255
56017
525090
482375
29995
206262
226516
1206987
276262
644606
1086133
187453
662251
145405
5379
25661
17671
47770
137266
114085
1267
779403
844197
131603
28675
1054162
861049
1008453
253672
11746
1472591
660622
128252
1195492
38088
27112
43479
24657
19009
54335
2794
1757
6830
890204
198385
137820
61381
329025
413551
782369
244256
234029
257725
18362
25420
5245
7190
252337
344496
809149
75924
36862
777087
646666
949042
140866
753753
665930
49815
2114327
465052
239391
911297
156548
671376
93637
20442
156334
2478721
269100
228785
73250
435583
6350
38963
260722
70539
96313
345
89482
271377
41204
8467
85695
94922
55894
13237
102019
490978
85
294761
3710
275
620369
126330
152110
339104
28569
33209
74148
113655
12834
20756
28901
117109
401023
459953
89008
176265
6910
126216
651407
325442
385285
524066
353353
272515
26710
4343
11132
268440
15299
426016
435844
73821
462363
385096
244809
271608
26679
4343
11144
17736730
275778
127190
276660
4788
73634
233321
74537
556431
591545
11122
4331
26684
195243
4341
11128
463263
531233
266309
26671
4344
11112
249287
15309
223920
4339
11121
330957
4774
73605
276809
11123
4350
26673
272506
849164
401287
207697
4791
66820
141022
844897
411282
237778
974977
55081
209048
272321
393594
429675
165889
33900
48222
30
49456
16715
121256
93366
81498
217553
38966
19853
184598
1101828
64596
177235
476027
151078
111124
70544
112329
613077
846726
533844
453217
47619
444618
162277
326722
556640
84536
190699
1035106
1301951
21377
166989
80267
215054
1625796
169865
12495
45682
559942
755467
104947
456994
27206
71687
143911
69120
121567
159874
92675
73446
734056
25967
108644
41304
260751
170304
10867
167355
140389
37885
22759
49462
74532
656700
432312
159514
11749
506492
535030
280290
660076
180137
327378
253993
58398
34365
244
12540
416629
483928
686693
108672
7952
16481
50405
100441
58491
183366
6988
25187
16098
184096
160383
235865
852712
25439
72873
55709
67762
130786
3578
86764
331609
29398
199272
77987
511413
30552
244728
43610
32286
53306
31666
45341
104757
93675
325775
30
28322
83118
443437
847019
774564
1535240
3716
759559
91183
479105
439793
22915
119249
504418
4822
80361
91366
30410
586914
548073
13913
1125945
62301
5063
77849
608
164091
190297
102579
27513
449380
477722
278380
829911
172367
598474
485185
166302
10450
41700
880566
3835
72926
32830
1160145
911917
15602
317305
1065201
27
289221
111243
1546796
1665886
202639
232085
168652
37357
351333
82077
367309
184215
276146
603221
228210
14710
524506
68411
267853
659430
75121
782665
31122
177428
17791
42555
106157
17333
14156
71485
14166
25980
22533
60760
27879
88370
93932
13558
154376
206509
591600
209021
1000938
71935
919
6240
5
32438
144166
13486
25990
27892
48645
14220
90162
111920
94862
5219
27412
90117
32598
33199
40007
5010
39461
93451
36465
75934
31304
52633
17051
308935
239891
127877
100983
14542
35072
10094
161741
13673
225810
308307
25307
5
77837
24106
57949
52253
16660
2609
146169
413685
23459
324
7436
79914
288244
89696
240423
164166
353857
496318
49988
600364
262652
174617
305431
926102
115444
646053
111329
342331
57585
36007
34306
18010
3756
70510
270390
61471
41941
25390
68516
192978
12476
59769
49004
276567
272070
66993
27620
11397
41177
110633
103265
153350
56983
162148
68383
63326
29
52284
451933
13590
79403
593189
53323
359235
5351
20658
6424
24853
63926
171674
24465
66909
808068
41342
186062
41379
111189
123551
76694
76990
63302
40895
75733
167484
528741
41320
203022
41374
74800
661242
59521
79995
276008
226513
157536
271258
196920
62042
193664
74498
305444
81575
166737
82609
37235
311096
704261
78639
25120
233430
310
17357
4538
19878
49939
35332
116095
30007
4183
4183
70108
60149
44210
50440
44173
183388
24807
44896
32774
79019
55847
71228
91564
161825
15573
17303
113627
279120
44923
24857
48547
35998
85350
36451
95147
17343
19729
9847
34217
55364
31166
297
74884
104784
29128
188312
29147
48231
39508
31448
602705
143532
35356
26511
58350
8349
39530
29134
109058
6796
26666
36082
383795
5709
36255
80999
5708
284176
32299
164250
64374
65177
314731
86715
48881
13608
142821
27031
183739
83884
4337
1
2704
75444
5714
90644
46680
2420
163048
75565
2829
83767
8632
665
43109
45913
98866
4751
49499
3240
60282
18042
1
7288
44150
109109
102240
89616
119841
27902
52665
574108
26522
32347
38512
48232
29119
305982
27951
5709
95246
5707
36257
44150
27440
16004
16287
28304
31751
16289
16144
32277
67029
125784
17889
19687
11742
85325
9907
58053
4083
100747
318963
219888
16477
14578
14697
119192
515
6777
52375
2
2507
5580
73178
4083
100747
297577
31750
28304
16287
16004
55821
515
6794
52369
2
2507
5580
73178
4083
100747
616080
16146
16290
59991
16021
56009
515
6777
52375
2
2507
5580
73178
4083
100747
722247
14573
71715
515
6777
52375
2
2507
5580
73178
4083
100747
727210
56036
515
6777
52375
2
2507
5580
73178
4083
100747
616340
16465
14577
16004
55679
515
6777
52375
2
2507
5580
73178
4083
100747
317514
220022
16471
14577
14699
49248
16024
55897
515
6761
50780
2
2507
5577
73208
4083
100747
359407
16146
16290
121186
515
6777
52375
2
2507
5580
73178
247
16806
16004
16297
28127
31746
14704
14595
16386
28229
16145
16036
17421
31741
14699
14590
16480
15977
17228
31718
16292
16145
16024
17420
31746
14699
14590
16472
15977
16792
31714
14704
14596
16386
28195
16145
16004
16297
28127
31752
14699
14590
16478
16024
15984
31746
16292
16146
16024
17420
31746
14699
14590
16478
16004
16287
28304
31751
16284
16146
16044
17420
31747
14699
14590
16480
16036
17421
31741
14695
14592
16385
28365
16145
16024
17420
31746
14699
14590
16473
16004
16284
28127
31751
16299
16146
16477
14590
14698
31745
17420
16023
55910
515
16477
14578
14699
31797
16037
17420
31711
14699
14590
16480
16509
14591
14697
31748
16541
16044
55912
515
16145
28232
16373
14595
14704
31747
28127
16284
16004
55913
515
16465
14590
14699
31743
17420
16020
55916
515
16147
16287
31711
17420
16022
55911
515
16464
14577
14698
31746
17421
16024
55914
515
16019
17227
31730
16406
14592
16376
28475
16042
16539
31746
14699
14590
16473
16036
17421
31741
14706
14593
16376
28406
16145
16022
17248
31729
14696
14591
16483
4083
100747
395086
220680
16486
14590
14699
31714
17420
16022
55814
515
6777
52375
2
2507
5580
73178
66845
47596
7682
30574
15095
8032
22890
114817
60103
294
79147
7691
26608
29785
171133
252327
88802
109232
88753
40869
60837
86738
44073
163652
5023
34101
27314
64298
247612
375001
641125
263503
637
277691
39092
215570
21271
162289
372891
12522
139255
49546
3061
14723
65357
32518
206921
203946
802443
85004
84298
5024
378248
263051
111847
638160
263495
637
277848
39369
215991
21311
162183
366472
12535
139282
49571
3061
14718
65180
32520
443807
831454
85043
5023
130382
247491
262691
111880
692888
263537
637
277720
39078
215878
18580
535117
318707
245765
204179
250302
692958
5024
34075
27320
316409
262791
111842
990204
637
532958
18564
162357
375700
12511
139273
49574
3061
80376
32536
245931
203908
923270
85011
84311
20625
5024
33924
27314
68583
247496
263008
111867
637423
263535
637
277699
39099
216137
20916
162349
375783
12517
139282
49572
3052
14724
65327
32517
213224
204018
800430
85044
84306
20583
5024
34077
27315
68567
247479
262767
749330
265831
637
317026
215633
21304
162212
373894
12522
274919
32531
260964
203893
229687
922585
165384
104590
17617
5296
133908
355447
314691
18589
1557
81739
147400
153847
54189
39071
39154
43518
69547
1
40092
39154
43518
69547
1
40092
502
245889
37276
64489
39154
43518
69547
1
40092
118326
16540
54845
38901
53374
32363
74753
12394
4
4
37073
12208
24109
36991
19606
27843
10390
23071
2121
40037
59554
18084
13560
28840
13046
348
1411
967
15087
146736
7164
40471
12
25052
54805
54193
100407
31819
105886
5061
9659
255292
5673
127318
10341
71495
6087
99270
4929
105378
173467
57056
212299
60705
388332
130971
6115
87577
909298
361707
160158
342240
1455945
1029450
452380
3161
29584
128701
659104
350708
957829
955925
50715
973722
190674
353316
563998
288317
626877
451494
625491
89856
296
76759
136706
771588
15576
10219
166112
281640
31423
150484
1818201
559032
612826
97826
947839
917908
655750
342644
379880
60642
4505
8313
82942
76460
35208
167
39437
41577
2796
689545
251339
312629
8240
387767
315
1102363
504563
452389
153675
208637
401962
622805
32025
548310
956037
973954
161953
1016298
260409
860008
825262
186351
91478
90109
289905
7885
807906
603199
1792037
1256011
40179
316355
260198
158862
333385
15998
22553
283852
55916
2909
131119
82956
73405
1955879
19389
827169
58870
5524
6028
87927
113963
1931
23084
10584
48609
941998
2894
520482
627757
90280
35236
7755
153088
208231
46699
122222
450355
138254
447001
217387
229759
100660
43978
428209
1890064
64861
60151
1192637
3726
425748
1024
46925
91430
133366
81870
180600
21685
91882
210005
68184
181011
2325
73874
26195
51000
608769
919548
64700
1074599
1451501
1813719
1517689
1298569
135959
327712
587765
277611
658899
94044
113216
85472
253434
226504
1143479
221871
1837238
355710
374398
76859
102510
195677
338989
30265
48300
41739
54239
71820
93667
70778
86038
3173
14116
13868
30361
14837
72268
96392
99838
474254
601772
1198783
45101
10198
12081
7204
778087
2726218
276675
74618
35819
123233
403675
237422
949782
723114
493664
18988
1924596
119875
1544017
1916113
452154
372232
2047440
112854
344974
1503683
44611
281467
565712
154047
335411
495151
120912
887902
50494
2450218
177831
8332
581434
41898
159083
2421470
538941
549635
292981
39407
82946
35924
673475
601385
186909
54408
1020096
166286
78455
20965
100743
1428693
1201678
12016
133982
26113
73379
438119
1341772
489375
5091
129683
24471
1089056
139588
139098
239256
256396
39631
78888
102676
233138
758495
639663
145597
218857
194341
983651
225164
149019
237875
67880
684090
912590
899373
38474
156826
99126
432076
779383
21769
123971
32965
53493
1261
21711
209502
370160
2228841
398146
220109
282592
144544
71496
99895
15750
146100
770055
524996
970086
42987
440982
1104412
487818
226882
526907
246270
94633
783812
55670
7443
5460
103273
1117710
30170
51272
36457
28866
195893
840414
432285
204169
56572
77355
59657
326876
40904
260125
35
90418
17550
110182
87762
2073
60050
145606
174981
29037
431194
6934
288831
16382
58493
17070
17080
17073
17064
17090
17088
79987
289222
41651
24646
567131
41916
130814
602015
2253261
12493
46725
386501
302719
755
43747
1662
246847
40938
137630
43344
846619
299057
621260
1776465
612000
651491
107545
256419
357094
23517
219826
772172
1711450
134710
24453
187658
1150731
131971
251004
161355
55186
350000
499126
466075
950730
180888
9662
64275
322837
146284
44686
69794
104111
502
245889
37276
64489
39154
43518
69547
1
40092
118326
16540
54845
38901
53374
32363
74753
12394
4
4
37073
12208
24109
36991
19606
27843
10390
23071
2121
40037
59554
18084
13560
28840
13046
348
1411
967
15087
146736
7164
40471
12
25052
54805
54193
100407
31819
105886
5061
9659
255292
5673
127318
10341
71495
6087
99270
4929
105378
696235
1306095
44587
59053
548957
384392
492219
492021
241233
224066
96001
72837
1679
14932
169689
553811
50134
5172
267552
512885
253826
22757
45517
73463
308051
1444425
751174
2347
175283
403987
9595
306330
73322
202353
288393
5654
133564
51316
343393
46723
375091
274767
43725
351645
342547
282026
605273
26861
1227051
137074
17371
149562
18910
157025
27324
213127
27322
157027
18906
149562
17371
28990
34893
158090
170740
34888
93770
21652
565135
461600
678496
929699
114819
49444
1067425
62734
884472
26364
159196
37566
105476
9550
30
346474
62740
587673
62737
346544
9550
29
105440
37571
159148
26352
585250
