80805
1392408
17461
349354
3222105
268037
251827
2821536
34380
325068
151086
913059
67642
110582
192363
131827
548321
111634
377609
531832
11278
311
307356
31404
290041
1363990
128367
496197
961670
172758
53480
133353
1207023
3255844
479515
26612
8884
123601
249451
334702
266922
2094669
812210
230135
1040064
220006
21317
75793
296179
229416
44593
201517
625405
58310
162616
303981
17541
192478
491112
77192
407959
1731268
127013
259510
435034
13600
929854
1075135
230032
939794
139355
19138
729350
148478
41992
903912
1
77790
639746
1046600
140578
9653
6062
115006
463055
1561176
1553036
317774
208746
288223
612611
714310
186501
439226
1093734
802065
222910
630018
319493
729717
1773249
898202
75269
12176
755409
948819
154894
580250
1187236
1163814
649621
1060041
579331
1806335
669355
1402088
372702
564890
9627
226433
615427
87483
67553
2161382
200985
915796
62848
665106
48582
182337
792463
130969
1506274
678236
1371215
1579766
3841601
255954
63468
2265900
2340520
737769
585900
1260224
181688
180480
106540
3000515
209773
107683
366670
806295
735690
1472360
60424
1101753
71235
1660600
317183
296659
319800
538485
177747
1619873
34026
199954
707923
1843270
412931
887707
2642257
1390293
922470
921681
1046084
660596
2154963
848004
1304908
399344
3832234
490133
203275
22521100
242666
582350
120267
235121
120116
710923
903365
229229
937474
511661
264498
23352
511216
499097
276942
649473
196886
95431
288991
411701
502634
212142
545353
1149208
1737
59861
901713
535048
460987
183191
533688
289303
265077
920995
550036
439932
1319872
147288
354739
356747
2168597
2438689
1722942
259528
816168
2849979
66490
113103
484676
209600
793645
717364
1106531
4451132
798852
10127
87780
753134
1016731
916787
250270
630557
1093412
237548
52991
1252029
1306945
888960
1079219
47630
880862
1529363
1718867
1420176
1424
117645
495294
527568
1645271
755733
1297184
1762165
10687
397896
1441401
211785
114424
30
106012
1507424
952533
987635
710768
55789
883361
226407
759758
1114241
680434
185399
43248
690201
88572
1336612
160119
32163
1207044
2013842
2071804
482818
1639787
662690
269297
814566
188545
322895
118832
312842
12250
175832
804008
98
1671550
147944
443628
660293
436239
997094
950353
1439475
75285
417317
472095
1242030
209623
338051
489637
1024247
1446989
1583013
641236
735890
985515
1007787
292528
294877
904219
19604
1412131
1191505
269833
917985
754803
969932
230566
41334
284504
668532
197423
29526
494015
718244
8667
294772
86379
475660
1281270
154993
463436
267651
1886925
471902
652969
626231
75294
93811
10243
33844
6043
238833
86869
426817
209220
16805
201759
878525
19571
280577
529403
35747
738769
438025
2029824
1131
56490
536506
498448
569588
1295023
62602
810291
689761
37
776844
175744
988360
250588
54368
1319257
251741
130670
82661
62017
45665
1000196
157114
403440
80942
2181730
1404
232458
1013613
390616
409102
972941
1253372
962813
526433
78699
697979
443417
31116
66856
4357219
1447
185816
76482
49783
322066
721870
2049311
168132
3968775
202823
2695517
1995012
1018483
1652573
1885049
471031
133949
20750
3140233
181283
926906
2493015
5740
219842
36872
1308176
16932
786529
1278813
461
711528
554340
733515
56960
80126
745691
306385
42384
205231
1296641
678976
2127351
55970
11266
157676
2685257
139631
1609979
155734
139447
132664
1662225
324159
1778565
1500398
1452504
1628960
202135
612348
391888
288698
1489030
164141
1065140
710
117009
306564
554376
122256
650772
2867
46120
1362542
307792
681459
513052
333605
34
768815
765890
330541
277134
246666
35169
6128
2077393
1570088
319394
1109569
237177
262969
1411121
463820
1973068
617393
1096749
364220
965851
1446662
12350
456064
2092795
711787
193958
109661
579914
87668
294944
360736
263716
341404
1664830
281545
38206
402618
323215
881151
53595
24492
1059705
316329
702575
887963
3766607
1420601
25900
493059
1368953
1654224
309964
1285516
26890
10293
490005
731265
278077
39469
98747
1098863
1931516
445351
943005
868630
1542631
104561
1590067
268281
596597
3465931
158306
1600804
1910974
5427622
547564
244506
406196
40122
593310
2124948
148181
422119
1999990
1148973
471515
1115883
1885413
287559
1531082
35016
1313114
496902
488069
1069307
121838
7451429
231994
1688793
574028
2747543
313330
17048
135739
23376
208244
151323
233784
2416853
846705
135014
11157
44589
442288
222948
37934
51425
213379
85361
434590
88315
62866
304
256926
1294793
274735
810619
40796
1283206
109893
464105
269152
97161
104349
295794
1
1207869
164974
3297033
713554
763690
233955
749481
1627069
1180148
1944431
83320
1497328
1145069
837297
3128985
1824329
836750
2485627
963839
1458097
3522512
1220712
2966004
47631
1252306
240699
349064
2235957
351755
893673
164601
2331295
750033
3937024
779891
3444648
607237
363344
132109
1385235
856494
841175
1798530
888721
120544
3268564
728074
808142
22768
637334
4
288020
607572
417988
650060
231897
528536
827044
651211
68407
32870
115369
45456
352757
302011
371675
462080
146047
1542
455989
3776869
193297
307771
215446
1040695
777784
409865
3065881
1049996
1798107
3368429
901765
1407068
551277
988211
1501677
58262
2181674
229560
219032
96142
39812
670444
557561
511992
321
3796006
776107
593505
872268
419227
1072448
501229
9104
1209834
930717
1885857
800064
1722168
674599
88730
110447
424968
603858
2377341
253384
32933
112417
75839
179511
469999
53407
138261
138969
83749
1790782
907513
282460
707495
214655
317304
1424111
524255
1549676
94831
2325436
138374
1059196
141455
1031222
1957488
1431496
553364
685782
2138967
187681
1035252
394278
48913
767991
958208
1392595
896109
556431
747500
137321
3429660
1145375
285766
1210077
269303
2286672
1002934
818959
2408427
309576
568095
180082
1069587
9
109193
976732
605075
265942
1225734
484699
122586
515055
115997
4195740
155535
515824
1024578
424574
384221
492456
2354594
257800
110529
23934
40937
107899
312562
839581
200284
188244
923473
1713138
1501892
502943
2345050
533628
454730
163582
121147
213313
148040
582803
206307
818531
84745
245480
12438
13121
439304
116686
55944
28684
621
57156
120790
165057
75212
875487
66058
66809
284951
641740
1462448
96665
167201
27
236280
1201790
1651109
131346
192720
523361
75208
712292
391238
209571
44055
282838
139166
2511471
308720
876001
84077
790315
305300
69404
66022
178923
2096765
1021332
326141
385448
785136
2211447
2441442
560689
2029250
340527
60448
1607345
158283
272501
870214
1085795
534529
550806
543121
28239
727457
820605
78335
275656
450188
1109901
415059
1237617
155572
1148925
5271640
509435
1245531
426859
403618
333301
1027
175722
95228
2296171
547429
151203
348241
114035
410383
3659957
1110046
889600
700420
168271
482724
1200390
1347967
21566
195009
283419
1937657
166935
328292
1538366
3477348
1357516
674893
577023
1306075
590682
2631422
1322682
467906
531746
1062040
817533
1165063
977393
3823131
748440
460536
111499
224210
165893
862259
17174
340950
479839
3365884
1522831
809611
2580604
638674
66297
337021
431835
224801
25215
216604
1391986
62315
1466397
18129
1375612
1774220
964
392726
1082935
1371911
991234
671683
589525
605320
3089100
111886
332
184654
56788
359419
1072209
347054
1012777
74394
1210578
219325
4326817
455191
863325
560670
1536063
1693633
558421
294185
204052
342372
264615
842978
657261
2465527
829791
67515
71217
2373302
541273
2325189
64149
4829
37
629279
404300
534991
2022921
1863373
923079
214261
480495
1038196
484448
69116
1944722
854892
36141
679318
127790
728094
867805
315258
125169
96498
16434
638929
43361
17896
82559
1443825
801914
1334445
1405180
1657361
96718
2845045
309220
1912186
742856
13380
544412
94458
295876
873618
170171
295940
314305
18022
900411
289683
360315
1456578
1947854
4159568
271282
1516018
252080
211014
24823
392665
2060190
4363
1449324
190786
8599
351509
417589
228489
8591
335778
437026
707781
420082
23542
1804967
30930
87733
1321645
495796
1075716
375556
455713
353074
2915984
1354777
269785
817568
1088471
1169842
1463902
73027
56402
1403865
2247
42383
805346
604425
89495
139194
56857
80212
8509
308199
1850035
99491
410356
251089
296
3514624
414707
38916
1875899
433762
122965
97992
439682
851165
2240602
251491
722408
173268
634462
737348
1812225
779308
2805608
30921
812151
388046
9103
71294
696414
31108
295196
140957
87207
57710
145022
18153
185819
152995
183368
221013
158961
432246
369285
400964
351906
655776
464714
101108
2169036
2443879
1458945
203824
1825742
612958
2407347
22082
449960
975578
403062
845890
533730
331519
84619
1347680
26
153084
202134
351862
188820
355997
1229139
1513090
15913
11391
937045
55951
509203
150567
2185619
671322
396990
468161
129316
2772886
1539556
68605
198475
3775
1448402
520503
399291
155752
345815
1311
66889
1013600
2193
14857
2177
115627
762922
300974
511388
125866
12651
118847
34731
1701334
729033
396311
987914
395579
93303
1143239
41041
3027002
259052
1430411
1031252
20041
416655
236023
1162002
2084610
638421
393446
184672
1013746
430500
562943
104524
259118
962184
327075
818023
1024858
606590
454971
26828
514950
1516785
1396303
301
1
116158
15556
383500
406039
14690
17698
146974
1072437
15244305
3066497
48610
1243124
581617
2278026
770333
48979
83052
1204407
420632
1838359
713882
800395
1258803
76088
926227
7241
175079
1341553
2188015
600675
102867
1257632
15979
158904
269500
403318
233474
38459
189706
85397
175608
438974
53952
238349
741419
48590
836972
839668
142880
166262
598336
536046
13349
41617
77000
42981
110737
944125
1575273
2061
56854
650555
45505
894537
361817
883557
626223
1885651
316451
207437
819757
1058423
611923
2204089
178102
1265628
31474
3780
861250
859143
327296
1213465
836783
7401
53595
191481
305067
404473
93289
1170986
563681
4541
317409
424023
451825
21408
153565
58216
80924
293229
26489
403658
21658
2293
155028
80363
241952
683118
949888
199053
462657
474216
683463
434968
47807
4495
73185
319797
921113
5400
198925
27567
71816
402464
1299309
45
344598
27887
786810
5434
145529
190917
125854
167794
531035
671651
42842
424938
1060101
54199
4841690
1453778
815246
229371
725442
496737
212436
102089
434532
403640
50113
438052
221131
2178845
840115
935386
126878
849028
1125286
647987
91769
279935
204397
319
139545
12808
153943
54284
1121378
418122
409225
57184
144983
691436
101881
300302
167963
163210
227953
653512
115453
341626
14659
83424
12861
329866
204033
158899
80022
149568
14376
172853
217540
746678
358461
675397
1093198
199814
801768
210918
608487
963630
546691
46
869147
73156
342553
697595
797996
276134
1430558
134878
4369
600959
436199
258224
14179
323886
119141
35259
1525964
167369
17194
1878322
220048
758064
827604
399565
73808
386962
535877
211208
664000
684053
115900
68270
183942
858032
366592
380007
73058
578004
790175
1211010
1202128
1467290
434160
352275
120063
8593
177399
3092
105211
651175
309368
1302487
208239
198985
1277
265363
1730421
437764
84496
6634
1002440
11796
210078
33072
83891
115841
42386
1356758
795903
654439
897319
1714284
219978
660675
110756
217573
11912
1166713
3141015
1230523
647650
853187
140116
36277
6306005
125169
649270
1741094
64473
2564116
93978
8787
502449
625826
1685499
2978759
2016402
573855
1326566
136544
331097
343411
166597
888613
664498
2806224
362051
613801
648551
595417
271546
518560
1202827
218705
1215212
2025563
334487
563706
1133755
348530
1439028
1251336
158972
1479773
1508917
1567849
170207
360809
1243038
847574
1232095
695910
2361
122101
7090
143066
1139318
1436094
1189003
1320824
452909
294596
144928
1685309
968122
93212
2032374
1854440
140051
2134877
1630256
859390
138408
417523
203303
127662
900916
469629
298880
637336
152690
1499588
248703
24950
784272
319009
63013
994300
390332
198854
279166
168612
191716
280448
601702
45
143091
112832
444538
230215
131833
68193
3572
56732
308
541631
33845
23428
44966
373772
33762
48520
959142
403230
204947
528290
330955
68499
2067176
31159
45608
94394
545507
217542
225307
544534
29213
212698
47738
340489
384964
1080122
35042
188528
453093
52906
20276
4632
54863
199879
123065
247145
7725
1837
356236
74435
178286
231401
763910
5042103
755417
368039
1978054
370122
1801425
5502
121781
7090
395193
11245
402775
149212
143383
66845
400886
695555
19065
915516
184259
26113
60068
334570
104043
1032
5377
258929
132049
1109872
275645
1100304
947153
2030328
764051
510394
67147
24443
564734
126721
73473
24687
323546
61469
12386
677737
51139
447473
315242
302
1165975
889947
398203
687387
794419
270157
63203
17563
54511
76720
305431
376150
29668
258706
68392
528298
94233
236291
492401
288526
119379
455622
900926
76023
3726
270431
1006011
281292
615
1004391
1345809
492551
803811
7573
125627
1308820
52835
1921700
988328
1701152
362161
2333936
638977
46332
456762
4646143
61413
373494
621223
153511
493498
284582
573673
2001214
153259
169538
321302
105192
3130
239248
196692
11487
289865
827960
93604
804223
575268
89118
1295155
403146
251023
577246
690298
318
17814
5315
20438
27864
551526
1298107
1669291
731810
572945
75467
144557
149705
46859
1301060
814064
164199
932786
1432475
121615
620822
2965531
372521
312254
572202
168849
194888
33741
41313
854712
367712
1345213
2562566
643161
1614882
367390
1032529
2124499
2545072
276249
96729
298301
2015760
602811
110000
833798
26164
380569
1308107
1363119
259163
912061
206882
228781
126767
2298377
100895
126695
40234
175095
38044
285745
333118
595249
96608
1983687
776912
794290
350094
1040867
2402842
3869809
1319720
1505179
276588
93825
8696
1141217
2074048
3025233
250093
1380137
2712897
71274
617331
605304
275940
230784
206646
159331
96430
265629
1132803
2188894
795835
3182978
157474
703550
2317527
1605899
50922
2036923
427155
699288
579457
277563
363312
681912
772460
2075389
979274
1945070
67341
712729
1347643
589093
653192
64188
75576
665240
621725
455662
201722
49706
46826
14216
76259
37598
93681
51341
68794
44586
14205
136802
14206
45412
30681
73933
304
167258
111878
8648
85658
66208
14219
45310
160684
151746
1157048
559869
236804
1340157
1
111428
2279572
136338
976481
567315
208809
778377
3473342
71709
2152904
1629551
69943
2214405
837438
713206
380331
1806454
2978149
164327
336567
1505915
900404
735722
3117630
1105381
470783
1588291
367093
917186
93550
525794
139204
340419
274646
895005
1858012
269024
1518277
1605
114759
437333
1770751
1817205
2879181
283355
432160
1547189
3790469
513487
570308
279505
655139
810701
70843
1311
1415526
30302
2251007
1849556
883972
83097
311570
1362491
1598218
1638808
9229
1439709
17957
616204
347522
318209
365216
1051135
1716815
747155
346187
1464908
2485712
301181
496245
109378
702201
393660
307832
1110085
2074983
21561
2299877
689795
3408803
428132
68498
671291
495481
334621
465789
95056
868469
407525
50940
77786
221276
1918094
27
580951
1314038
210512
268690
1924479
1264028
116896
228423
3755878
740639
852787
575762
2930
1266584
340663
6
791281
540399
412126
120274
116975
158815
125501
771575
957847
392049
1157075
2905711
325991
1374247
302
88485
459907
1730662
281141
304285
507630
4619467
868665
1207007
7094200
2310957
201667
773670
389264
805656
85629
142949
255419
18581
339160
54955
402086
300311
5289
677353
382130
552398
91665
136143
76942
921282
321791
77585
790862
2864315
328974
862364
701391
13726
205048
244207
268347
1111681
119800
62365
785774
2434293
150337
309902
1530483
153458
936820
1065500
207659
202603
133196
392214
812218
367194
816459
265286
96264
1531684
1327819
731985
241660
3462585
365182
528980
120383
559599
1717389
182844
1404805
3678710
36000
135793
5975260
802796
2104605
343660
1026843
1027088
816173
69284
183351
522086
2562413
721947
825213
169949
236763
421538
49945
819489
586197
235787
807919
685931
765198
959575
599132
1113987
418362
27094
3552387
555016
100818
356107
754603
430870
301
2023364
214577
3034440
132591
1899580
37373
968401
14889
434492
320415
197764
234816
471019
12511
1064798
14887
171295
33851
87071
230204
329645
352030
783288
210545
1359758
386886
1169114
1053453
284444
902886
617482
1201241
469356
742260
830736
281839
13925
96536
44974
262396
449025
150962
88685
909
350902
289829
830999
618050
353765
185141
529521
125389
1292985
705
11816
3818
43883
293876
532514
87082
36325
516612
381689
225317
200017
19841
650562
47990
30644
77116
301
2160
183564
245536
583543
302485
41447
359358
455296
141152
65210
839818
328353
326076
37455
302927
278842
1249532
280648
1152583
214168
68275
239336
465812
516070
129774
213133
2859718
1957733
538712
528320
2975929
60350
206016
807334
123088
888205
1374939
237359
27786
1776559
508647
806583
2769134
1065046
533776
1627175
29560
1045138
965377
217777
651074
348235
2985460
463438
653973
306497
250555
2459669
295196
636144
69
404356
1929426
1119430
433717
57253
216558
1845391
584602
1038503
323474
120275
2488833
346230
1635485
316408
549449
488663
3668
879890
15254
791560
121964
2
74235
35840
23452
820373
18676
277928
146450
316004
243394
115578
1302551
572447
1799974
583929
1048106
533847
163370
96684
84862
448448
22843
703694
128438
500344
248972
1394692
1208722
238370
43628
1909362
23762
453963
799154
587424
1566822
375336
874127
1052254
1855820
4465
1251241
279324
47071
67547
57896
94709
404644
1293100
1195489
862653
397578
180583
2817506
3761463
1272347
8030
2297855
644179
8056019
724960
144060
1357522
1128938
1768022
331258
295763
1252559
1036718
369765
32100
116733
686626
2882928
155836
23597
61911
12733
377932
117161
2617565
114089
1775578
789693
375107
727858
1634975
32494
2005798
2006575
448515
552452
303
14351
113291
4296
876518
57211
642909
687655
390641
566728
1738511
44382
361055
16992
1932339
517812
1113214
111459
40
728081
1949844
208666
343133
1536124
365336
943356
341486
353522
213687
95375
81561
2112
132770
2723548
51577
124681
67364
12334
360406
478394
1811993
1726983
530537
2175296
56799
1489678
2281900
431404
43327
59119
923762
559873
417629
562057
1430292
76915
633372
120677
220820
49
1668308
84328
85750
502066
1044969
518664
387497
37
63729
2345888
881692
398696
1574684
942060
173723
871067
7826
221840
80093
251558
2194273
14432
139104
1610013
157418
1337025
1112633
1103140
312
1139098
381660
119349
14162
342672
802973
12848
2002821
16756
212822
62614
190371
313875
1388056
49384
114712
183366
662234
87898
54842
49842
305
321594
435361
1302808
454808
1560345
1956672
1428033
478516
475424
438677
275942
864236
95367
304005
626037
583426
603412
544292
376989
25560
34961
1037053
1426481
550595
2988494
35842
194341
412252
488150
531824
1077701
2928941
603892
541632
2032878
310303
308453
157780
69590
99296
1303102
264143
66341
1336017
136465
88610
620405
778660
424389
654005
1314367
1166975
2221746
2664812
3385050
4771602
120662
671373
223842
57445
75527
604594
391338
1663950
266856
965844
132090
200422
108884
2826356
652424
73776
282654
46273
2177
384320
245666
54347
3422685
1639171
176051
297873
658970
744683
517636
162449
245162
92233
3640011
592071
153787
123770
1356462
49037
1183626
3734542
2360896
489839
61413
94945
2674785
564847
677548
506627
492523
32248
263175
103970
67037
288026
1350825
2481704
1155250
326029
794817
185356
860413
2047888
616321
504462
439132
454046
2116579
348038
324009
2296661
1719079
384994
370885
1378409
2295529
935232
1803433
745705
3267527
346839
640203
1302079
684706
165225
416217
849835
330476
2449810
57592
2217816
1354338
1968258
451434
2325599
35184
1257002
465954
622351
636252
2899843
12091
32
765828
179696
145519
790682
1667687
2870615
755256
4751
1015628
3873386
7970
247505
508892
2087031
943246
396766
857768
165657
494882
208130
3343961
1546019
66349
344329
235964
54988
143548
197585
1849
1849605
1714250
2183246
478183
171676
31
265491
1269140
2669685
761396
171398
1447398
786374
239468
366065
67946
664275
1025089
114653
461516
154261
2208321
941009
111647
287037
1505157
175877
446117
705059
205092
176824
1579654
769974
452574
24823
123069
23181
33121
347926
588604
19214
796812
1460059
1752707
1112656
228859
206835
951438
378245
908524
642839
922484
5046
165993
159011
169836
13973
476759
539310
1070525
314061
2383047
368748
908963
696472
762041
1449505
473050
81037
289156
915883
232459
1500950
133895
4263
362895
376057
3172362
927929
326078
372620
310798
331070
1071023
15056
162537
1320696
138165
987086
423712
581622
323280
158332
764289
1969864
592493
311980
1792421
554134
358642
1460245
1604982
687810
217020
388551
748413
275842
1520916
714427
230589
288
46408
1069679
194802
147717
1069682
477816
2187719
209470
519319
72715
7275823
55574
422035
1554848
150891
986071
1291442
489815
525906
513342
82494
182047
916408
543321
2336405
400224
15602
297794
338657
568530
81284
41946
1034985
700505
642860
1988401
377999
2179048
59876
2152381
697219
76501
2438637
630958
446937
271083
151102
485650
106551
1576749
458387
656644
24168
476223
137654
45155
40056
1569753
162299
317049
468865
187408
1852746
616018
782145
701417
2509293
4198183
151112
3004891
915580
1173468
4913945
1440139
285666
628014
55400
2234565
1891934
82934
723985
325481
1116095
211078
34216
93929
402885
921212
1013155
1568801
973136
636732
233149
417529
1397718
2293368
1738472
2014795
55433
121233
3584406
1005622
467233
543337
673789
17001
690315
554595
382674
95975
319
170888
39277
3241711
353850
157084
706798
44239
217398
610955
267678
956602
498561
206818
793136
45790
3091101
349849
500724
158297
247484
473578
103167
376289
2669455
515639
160776
2522786
329334
158548
1096196
1291639
484865
69431
1220246
1225835
104729
2124099
883871
170326
18629
81467
931878
239850
225863
295797
327318
138343
75945
184543
553655
109433
86241
1088
42782
52388
100828
1342452
880307
11085
155860
711004
702977
1489232
556706
21733
322843
1515650
1520825
310395
764310
144380
369030
367683
435875
159059
779641
692489
370609
417885
121657
175582
317057
1312781
688708
359157
231413
710914
33124
30352
927926
2109962
67420
298230
743728
792760
1660778
807347
172688
417117
278011
178555
128798
226426
953956
172919
1089690
456625
853067
203392
66779
507931
1339050
748861
1225290
149596
14688
288775
300926
529693
309
146337
94519
2458732
81993
792514
126782
88452
611599
1058029
271597
277103
507745
9326
1825261
180168
386887
48749
10364
350657
103030
499220
92758
37191
73833
216778
2572774
17625
1499038
29148
391313
351002
141599
10699
509277
140310
121963
18129
227628
143816
631126
315789
49548
2113558
475962
62218
77562
336319
449808
97155
2421514
571579
16882
785297
1880484
851210
66630
808782
623163
1107699
2126030
552582
2032226
291965
15094
902584
2751247
965166
117774
1220642
636179
1
1192243
1329290
1146739
330699
1003792
863707
42630
230
953392
54131
2640041
2312856
192016
2447881
662995
2426304
48360
51906
1130268
190126
391568
96763
35118
1909100
159808
2147553
490311
1149859
3247048
99575
3761827
312633
357508
416074
612282
997104
371571
936598
3175210
2016152
26673
935528
18381
248308
502233
283116
53478
311167
1113596
554145
426932
850103
236747
70820
348649
1245154
759748
666062
1492368
941173
1578657
1995094
2655094
799101
2340221
3720913
914720
470555
638164
449484
33715
100979
475960
565394
418099
1849175
844502
2028241
920741
3943
43973
129502
206036
3518210
1272880
329629
1929205
83269
1314742
1524737
120947
501952
595244
93892
212952
231679
109586
407135
244783
1590264
86985
606526
28885
72321
2443661
62074
182300
1196967
118227
19641
234019
84161
684733
237151
30839
1617420
398267
1052935
458896
183349
1107693
1961320
318709
74268
878954
763388
328225
552186
501695
458528
1504963
145333
342851
96868
231331
567911
303347
22397
302
27954
337004
1106566
1568855
1020158
492641
105431
3338610
317660
927897
989959
774329
2061240
1001484
538247
133341
3159614
656615
508606
1108066
1032035
917474
1792453
67304
1572718
1294575
252341
58764
262346
2434162
7982
1059877
1010105
721561
1457811
647711
387737
1099279
685022
272635
880051
465946
4894
1187703
7991
966354
327337
299550
174062
1869540
1598572
366425
927696
558040
333929
2647198
333099
4888
26014
9772
62333
912940
34255
6105
5716210
233370
1463589
1295126
8223
109856
1803281
76210
121655
36759
21068
8920
143842
252858
123649
1405426
894158
472692
302721
167828
1283350
225825
439449
168039
184211
56927
58155
21804
396605
216657
28062
99640
608107
1364585
372818
72574
82059
19233
147608
215499
427462
328627
919925
93004
420884
823316
23863
479080
1182089
1754644
252073
545616
520002
76842
468561
2033156
295039
1238810
470647
310525
1466700
3226518
608634
39739
1839072
514782
29611
38223
379649
161806
76164
360942
599843
17750
160608
486601
1323049
717493
2198852
86651
2191180
799688
8028
2341669
961876
424622
165775
463469
270832
213932
2470826
742985
597561
658565
102309
3122867
538682
35946
250370
1642169
481844
1670468
4819007
280220
392459
86422
1673558
838224
110615
189428
15643
564993
28801
3024
129873
48673
2830215
94385
590896
741247
645276
19770
13536
1325056
226010
38971
1243613
313121
18013
19154
716893
1692293
388082
121665
1156153
139143
815730
871109
97318
1548773
1858221
168428
14101
1682
227310
748856
415288
546966
853504
765287
167138
215388
1307535
56
270406
788553
25874
255868
1468941
753087
1945787
18314
75164
78458
748166
952820
260139
332210
2535834
1296303
851897
549950
978435
184682
1979956
532972
1512659
18886
240381
183247
1822424
43576
840950
49776
204901
326823
241959
12245
90694
381952
1303905
4208170
610918
685952
226694
1458037
184140
154272
1875382
185452
11
115323
645880
2534178
245555
183571
256878
2686909
1275639
104937
153966
115082
279728
61393
3889398
679754
477807
3300023
243130
975053
70131
305
1742748
499852
53211
1398666
1918759
485729
4812381
373701
808233
1696909
73627
99467
75524
745514
134463
1703454
4692901
1443375
2077310
96528
3002245
790802
220995
45833
269895
288836
570163
151177
82270
1076931
130454
448964
599818
1178538
610182
1152187
1286234
873237
952587
1428251
1441110
1225417
3701049
666257
554758
107862
152307
114380
533322
851893
11031
135010
33128
175921
656859
132537
1144107
216933
2772414
555640
1006491
926482
600094
2632693
692364
2249120
4492
610584
1284788
1178824
631865
1987122
1373274
442832
709166
56659
1492102
303932
896906
95286
183634
144641
472239
2307655
716230
257718
676913
104824
93408
174024
339410
8427
1167604
1053704
1137138
54261
861268
164918
42212
514472
761344
358152
461804
78121
1101525
294864
725574
2063461
298
39486
20419
311779
294877
141101
133754
60119
1367427
1309825
638763
1061972
47266
37195
334840
18009
19154
19766
56
338073
161607
1388044
2119629
370078
1129696
180116
242809
812443
2306519
4183377
3069457
1055847
1723162
229279
491982
1482736
1764283
876032
2134986
1015619
176661
681558
532027
2087394
2906166
582425
162745
1314472
1690989
815274
665835
524262
78310
893122
548110
1317283
228353
301334
74168
158228
18035940
275778
143528
78368
1039864
74103
1867820
522667
1279466
864714
80006
741558
1911888
540242
880164
260939
544209
224281
2443757
34
617930
1814685
1274047
377962
843006
766223
396433
909437
16492
798757
600913
292683
1114122
413560
338316
163296
236737
1117058
202381
1515949
48917
1442322
169211
396576
1236086
400628
181092
37051
215967
471526
95269
1314638
311746
520888
35271
228791
331126
37239
47708
332717
1711167
152741
59812
1082205
64122
2077460
107960
3053684
455520
22702
36185
532872
146691
356066
611463
261158
22630
538566
226051
884302
1276732
1660256
286098
797340
503842
2840582
13002
1330974
1245868
759561
510699
1122434
456439
274361
2141045
471689
268710
355925
94647
36299
160538
356843
433177
1214001
289215
192590
89532
125473
349
609574
110605
756222
39101
323406
8001
906928
408850
122069
5886
1676663
2437259
357838
1106234
276628
329152
223850
59421
42645
169422
25866
922310
330388
23545
305572
757175
352233
2926175
43659
1466
20041
440051
245106
115032
1099298
208052
14370
151374
79742
363626
168439
14384
249986
7018
743375
127482
852687
921438
204031
158896
80002
149642
14373
207949
52906
20276
4632
155325
255776
93970
236161
75768
5502
277380
94555
236137
177745
75833
137585
878998
497758
180037
386954
48747
10330
353335
103086
494067
92709
37194
74017
177683
180099
386896
48748
10485
354048
102992
487654
92769
37194
73833
210364
179684
386911
48748
10354
350919
597097
567345
410356
103153
496854
92774
111505
216723
180103
386927
48746
10347
353572
103063
496992
92766
37201
73974
179693
438281
363935
103047
495090
206312
231759
298
25276
255782
1445
3588
1086548
428622
808896
91732
2980252
745388
356006
1141417
955936
741677
650114
505633
1849631
384854
1056286
1553738
490667
862228
3978560
1386148
1092478
602900
238549
117631
692837
419100
1451840
35465
322179
321700
264372
1297750
817558
2018508
81272
79438
3621764
4704569
848875
231176
376673
645219
1024809
526916
450731
256373
46812
55138
305
66006
18422
477525
622459
44687
1598777
1171570
314465
912846
193206
28412
1623011
1625139
1325348
9301526
6027167
73214
256123
1966982
1678609
236192
3150243
463780
4661168
3467650
1595222
661971
260690
192008
390846
521858
344566
3766680
548346
401803
2529754
32772
163397
2507371
30074
1
1158392
28136
295308
2340911
3471900
546583
1195650
809206
48434
3658721
1133435
427272
526681
2034274
451548
106658
152965
509824
36
759167
2287887
421201
392732
98543
588913
389270
1420739
1037490
2063639
666369
818391
820121
1032568
2704670
15297
62274
489558
3131107
997486
864236
571388
753612
4925209
1075642
227303
714019
1737746
4588714
874230
428622
808896
91732
890975
340813
3135506
487228
170222
318889
706693
2568411
1021779
467502
118218
182402
236433
127318
1387848
333864
171287
152953
2395363
623242
2189983
105391
513915
1795726
48000
1434472
150342
48000
563936
48002
150385
748047
