167495
358302
241558
11099
783622
300484
48604
72848
152971
1616443
403566
61578
673997
436400
1177201
241283
282154
886934
29349
329011
217431
50329
17339
362051
1102099
155922
168501
83092
3137
517
25810
16577
94320
6342
388104
8604
30178
697836
218126
10507
44824
1393936
42241
6489
631980
530742
339043
257939
173256
236400
159238
79918
440710
161039
57552
407735
143817
396123
894
512135
194539
1042825
61049
11641
221488
15964
329773
28348
247227
157628
331874
248131
364477
6619
173721
239918
49361
34405
35162
40316
181845
22885
1151105
305626
25515
250626
112824
549781
295762
308
1369870
169645
67121
427430
56245
82019
63970
35937
10815
65727
13757
38397
66771
61398
471973
196993
83860
135043
318759
97056
138683
82881
106848
148351
138496
955598
784387
17729
283161
746836
55808
3763
529079
79628
106542
11385
69526
221478
1794035
176027
88408
799
71681
616443
34826
15023
305234
6398
52802
146234
37730
968298
540237
557124
572134
76705
29171
248487
134862
2608571
26094
246747
103840
429096
37384
523421
178635
13704
13709
739988
370
129707
556491
330830
60170
40360
272965
106460
423097
1018309
469464
2316689
338476
42122
90559
7345
33302
326305
81773
596549
102782
100966
9713
181746
417397
159531
55125
446536
959729
336008
509737
33740
245249
203189
446831
269521
408618
1510592
12239
3521721
57432
1119871
67406
813462
634036
819088
401858
985436
939724
839936
21206
1019774
940023
1235110
1802132
32
3392963
1187941
103929
929442
98063
2048207
524715
102426
45107
2602667
398929
14314
1622577
410566
270161
666088
915082
104223
83629
20666
21090
758243
323262
15380
1216378
76230
139864
499738
712318
338811
214422
66095
25811
1703644
211987
458363
2440706
1522575
441131
939241
1590442
2542435
1334805
628294
1938051
337
300101
28282
14068
14593
40191
6779
515818
955800
1651951
199507
88995
116095
37423
200430
721288
2060213
40159
355441
458801
82850
1831249
290347
1084456
414599
23549335
768844
883588
543850
587194
500279
988852
373323
220769
1008954
151590
102113
173716
113728
201394
48829
163448
152902
107375
34384
422568
361823
403220
660168
754095
18937
67828
3
57731
48369
235115
42549
86317
231187
748026
119130
84249
9811
119931
16547
175911
173115
17751
687134
10264
853513
310130
2339206
34705
89125
550764
46867
335507
546969
611816
666918
2560391
1139259
326210
35236
77535
172879
364134
46486
854205
2266287
338687
2125189
531232
26252
258426
471050
83891
1728302
1643263
31477
1281
93960
381063
559794
282775
70624
561264
271726
310721
251829
566943
618583
19496
899215
161884
944916
234618
959532
862393
48708
1522142
2230782
603202
219287
1212415
796869
54905
612319
810376
1505371
2131059
16004
966893
444994
477265
418775
250674
902232
254408
43554
175661
56593
307
22721
234082
332130
195192
714940
309
1784373
555327
172469
29731
945147
135792
30949
1072891
117723
500277
364971
131627
121826
1608265
598888
90104
202748
281151
25877
80223
6133
111662
1470679
147220
250535
424585
818287
282779
142164
277133
364997
593316
802769
306146
1676150
16936
2380535
1327319
144719
7023
185626
73547
81516
136416
577159
329241
319316
133768
40147
955496
1826312
83884
361044
50740
1890729
47069
736664
548785
225962
180825
85830
211185
454050
10577
120539
194425
50334
32
58915
1346435
51779
588882
7851
265442
58031
61486
133729
119372
1107424
1030659
644594
1268850
45137
464047
700185
45346
20333
45688
406359
76667
396302
59415
168683
908256
1245883
20555
251066
435252
656284
293245
52129
16245
88368
388538
17518
958273
28073
972055
784767
1258173
104004
1636070
20408
416092
976082
125924
504949
298
371289
1049944
1252186
962210
205391
156391
62772
396992
353782
680555
64200
258733
519876
753152
10034
766841
69042
338963
294351
136793
346282
243354
166535
181284
334211
233837
277812
317143
207271
612778
68185
371069
946419
138370
269459
70
82316
81032
26
15678
11378
87964
430518
293683
89647
852180
318
498758
803351
102683
1934288
57131
184682
130502
227034
15544
411763
527571
355569
1309254
594805
271643
151949
579373
137616
299858
445234
2069621
905825
1727078
17229
36123
940249
55073
32258
145357
189844
11380
3996314
170034
33785
130325
797547
57228
894162
1088698
516602
174831
892426
115563
2354415
1089532
401543
75273
515441
1920480
303763
670576
577380
4544140
115181
63006
60904
1140191
984472
759887
172395
152037
97545
355789
25546
39611
21279
14775
550086
860336
454556
553508
51010
990719
604167
29796
199051
443086
20071
13144
179403
99503
21794
21458
458126
903848
96641
57576
214682
214417
484206
608048
16207
244783
101148
157376
242808
542040
275200
92105
190709
175677
160225
182113
527310
24026
328823
21270
34146
690023
3858
205646
1473052
521964
821528
441563
27
530674
174428
406539
257182
933894
265271
370452
235760
1634551
118023
1061283
13829
628319
725148
5713
1019298
1805484
150532
1009594
1402447
87517
72785
96371
226009
85486
356217
195696
839272
125605
221885
124415
8446
1142490
418513
483901
186969
43927
213977
423618
787966
1083210
169698
49961
33249
143562
70917
31374
393057
40090
110510
379293
337078
837452
37585
181440
15652
113731
150590
239230
9091
618
199052
290441
44992
41680
43660
2856411
635454
13084
2559237
620913
579933
817666
240117
756421
38645
260180
274290
782173
408207
2063003
170337
1738764
557660
27123
271500
101570
12731
513681
117409
112935
400752
1514343
249582
2852916
66917
259974
1138868
1696791
606736
4761530
83238
512743
176046
2767323
52168
13789
269249
2315926
16569
8831
428230
1348400
66102
705962
4338
355389
361377
299485
338936
203219
3780496
3472
2300927
164736
334626
184057
49796
687284
423350
432131
1728413
307026
1053676
569046
1191451
232209
559174
524905
2239618
199466
16858
1617915
361839
2131050
1131164
295660
494118
2366932
190989
34910
176625
85332
29877
2182825
261394
403803
535657
29371
56689
21259
428659
852130
395472
137704
1043341
600766
1411413
832879
897288
91626
49197
79683
32661
565880
337243
26274
323672
1372215
881565
34712
5046765
1900839
38785
729657
880706
62909
94487
43489
23890
1439478
403347
443576
85432
508921
361132
330037
22636
853727
64040
153928
3910
14866
50264
65038
7487
13157
146133
88046
137202
705474
206201
137826
297883
5915
214609
782098
30122
627298
10965
132693
75472
6733
650820
256008
87057
417327
791997
268
526033
102869
1527850
30110
129250
373915
357566
926082
450171
232025
188558
21798
301470
206249
31
130222
627229
418060
1534423
46927
763725
1949203
51939
406234
225897
1271450
565789
716962
1364763
821508
289638
954836
1103900
937070
1131638
9018
175025
1104519
2145898
2305926
1306375
1531699
695183
820079
609417
23208
738561
1455736
1803013
1136246
452544
768673
98590
137
253180
314
560899
157261
360197
3146855
881352
2986483
163895
816346
104422
243977
205413
231207
191560
837015
35718
39996
51070
282575
106615
859061
975119
353105
354933
763806
39591
271501
28
1656528
21685
906797
718581
3209185
518985
196350
221509
2354044
385780
655839
447397
108000
9068
262848
416223
337076
517226
578160
608351
441750
98738
206587
75480
70367
2889
29702
167670
759445
531059
679968
118070
115802
67302
54358
130826
684219
509328
910
24354
140947
21845
448147
204681
236792
1323971
1365764
44356
24051
519931
520530
33422
58270
939643
14713
485553
507564
9252
1056858
1126220
1713171
215027
494452
93677
34248
242491
1102420
727137
1470537
58522
398636
501865
271242
2936081
427117
44444
2471461
571976
38035
576220
116656
332349
30270
47589
86898
107213
79950
80791
41582
143236
251405
1517445
4016197
361840
558318
277982
164668
483972
283836
1880065
300896
373175
1088891
2000375
343183
36500
892832
973912
446783
37625
374755
307
136098
251555
844665
105693
30468
91947
70398
162349
10008
313366
931081
1244905
57039
11042
24928
829992
35572
73599
12218
81820
332350
469325
86852
468748
115712
51176
124523
593
262130
189942
31449
101453
42550
300
56186
547852
62516
33742
11318
102825
285550
61828
36575
3316827
192388
49726
1909049
1044104
1290099
163218
1704930
841178
267470
526558
93376
1320927
1256646
38117
2090439
1730448
187841
27443
21734
614243
272828
221741
398597
498404
1560021
217682
59583
1300234
1606415
106316
1164368
908756
4292310
77099
3272856
455332
158597
236305
631135
350619
291788
365203
436411
359070
54473
174400
51515
273082
818600
145177
453606
36380
851533
586184
884316
169028
1204019
2415925
2477975
2149185
163741
34495
127751
40542
80012
6684
296210
521497
62569
236387
5222
177102
84051
105574
43397
291563
604261
156645
48598
340480
139181
16957
21100
1384262
1060847
314929
1188352
83587
114539
324182
109660
377968
991408
122871
1329364
644341
210291
10725
26872
35868
213923
289076
93292
147640
31068
316162
37352
219739
231273
203171
69706
38651
864172
60558
2072
191024
68226
477657
757144
51260
98928
83063
764966
117212
147165
389249
411777
74824
55
403663
2066711
885468
11954
1392031
778364
178095
29925
169977
16184
54581
847
54875
100572
249370
89384
101545
307727
336945
263456
74723
208047
583668
51499
195725
2322
193502
831709
783757
70624
518285
2430
496375
177643
288849
260956
3095
227184
464736
379104
212241
117578
326876
51047
66161
227697
1002837
246899
46324
52983
63976
60321
596044
152462
232077
2165551
873810
117104
318692
115747
1063427
2831
1431678
2109716
1233109
871487
1372593
245716
145410
37766
137346
1665214
2198351
55607
21027
296
1100345
749540
1050164
771436
373669
381788
80153
2396
37957
916908
777183
503557
580542
324312
507085
1027236
46042
1745732
2386071
2003107
2172178
215323
1526104
2583725
4083875
164217
21032
580897
979228
353
185085
855565
170176
146716
2781107
1383649
941178
1414349
98888
1540227
23155
1225061
837364
1728136
683571
3500183
1084907
499905
368799
245446
33271
22731
443695
802077
702253
399805
202924
359871
111548
882595
902927
550752
5934
104184
352991
1049504
138781
525060
304967
2936444
1008209
412934
1543122
53219
3382142
385861
2901147
995142
155245
62749
347244
462386
260541
595280
648075
303897
350259
24674
1115066
205733
193774
145543
223060
215024
95239
53
540850
4657
301216
280786
1399870
785403
991648
1411094
104507
775859
374716
691705
627999
336696
2082727
87378
173910
5362
98243
10655
166352
130037
225935
473507
1624019
1358640
193507
4012386
370006
1980782
160514
116841
26470
1004181
3053556
1579
520901
461543
13501
246175
120025
1569841
12753
1677784
126772
291608
295738
88697
43750
284866
1337413
1354263
1280071
52090
181308
905430
126149
11980
420916
364714
1460697
68393
30917
393226
57351
454781
274437
43439
138633
11603
158943
425238
229490
92335
67402
44402
315868
1045993
742537
283454
278033
840107
372189
1177950
396422
162436
569832
322788
961469
119915
542053
83671
54581
43862
69305
123369
291455
278535
129102
346
219825
84067
103473
494276
803528
156175
4542
670383
159253
390516
127653
844790
976464
357872
490552
806630
221321
3101014
134983
181421
243393
146716
1387159
1097900
689640
576194
441337
410326
741828
200994
223847
558345
181701
148686
191344
1687316
323708
1059023
841125
192326
1908345
437575
163603
2361649
981708
2641
90647
141551
222741
287114
29120
392892
168310
1358419
982357
86186
38905
20044127
45457
211952
384087
573327
278344
158407
283621
360112
239611
23435
287857
2242558
454360
208165
263497
1300811
489629
263372
318571
218896
401122
598237
174809
199501
414711
45096
451105
320190
887569
283963
207612
1126343
272632
15015
41936
629303
186934
164425
1569815
367025
3221849
161221
79042
14652
39441
62870
22156
276932
173974
77227
84615
7859
92029
95083
38300
298581
392499
429900
183615
129263
26261
151191
550755
2425
30884
1826
95953
296598
2132
96299
166647
31001
400672
597112
2631024
73482
124098
2427183
1158375
550400
1374674
851531
468917
226183
163868
29536
628125
546022
411932
1556433
16568
90881
122367
11025
369179
317092
685062
170704
1075689
305259
76080
1104529
215256
141835
588649
9461
61541
277681
173505
302
28483
98212
94764
57317
309152
95023
765790
300294
50821
230543
286848
377135
181007
1105291
155403
640990
980978
295236
665637
1082980
367857
1601041
19743
300712
76800
119063
90623
90490
496493
29318
294512
86054
306141
39
267235
193460
713926
696365
782546
473910
490309
116530
218382
4017
1004655
55220
909736
363680
148262
1128
179559
302400
1385195
45261
212804
946663
3000141
136177
613006
178334
87323
448978
578124
183387
407605
880634
385098
104556
545064
42611
239173
424896
173071
775997
676179
276918
119963
161019
1865213
907274
151574
209950
102041
260614
213894
1007866
138300
396864
283
688390
440951
542181
216088
369497
480747
505242
79460
299
479854
189610
6678
130022
253514
361856
608471
457199
11520
511949
30946
1340035
4880
834029
729263
42151
1119012
335609
171183
280501
119541
34786
45628
26025
54540
1147477
1343646
519453
165301
259022
187343
785688
43079
869001
488945
578619
39861
483855
97944
34574
2775
1395056
46386
168976
511252
20242
282663
432176
515036
36206
131346
899797
158841
13819
142701
583
134
3811604
665685
1482
72188
73182
93240
282029
139636
86581
417862
101249
679461
59927
183233
9527
37543
118615
6861
49916
48633
30802
280985
174658
1010092
557197
383174
455516
45835
493694
249961
60478
543822
60470
240465
11514697
757956
1491522
601955
517437
10137
638457
556653
262898
168643
419769
1274834
922693
398747
1613712
434695
1725836
129157
1658893
177257
3494834
2589112
92651
479633
163148
57824
146221
10791
186126
29387
6708
35436
100503
300
119492
525892
429183
64301
230497
52135
276806
26502
101570
6637
189406
312945
80449
64141
47731
345529
411844
14014
380486
1956220
5404
110804
25158
159790
483734
65254
527212
534493
413843
93447
239999
895613
57388
168669
322547
95660
81575
602148
562685
443318
489856
932432
153476
448697
85286
456259
439355
132479
474161
1025340
849973
12783
164084
256421
32293
297059
8794
1087311
291551
2351022
306473
9053
63217
174083
3714
42480
46131
427330
45602
611380
133670
537481
30950
11107
162742
1002744
425946
23490
572967
1951
2163
109316
119189
275996
282863
119509
113449
27453
36923
42461
529616
645759
126038
628584
69374
110342
41
99828
134636
73530
362477
13310
354
150467
459321
252777
11187
120453
1771523
36718
1283371
52514
77562
136065
506288
59303
38653
203451
385698
32744
161558
5564
519982
429159
295698
613259
179388
254954
40798
615
176362
114210
183758
170693
98920
218619
283905
803655
171265
299
144205
47896
179963
496965
613
40478
123879
157877
68592
232665
399567
81902
61418
728043
86806
437129
981486
4932663
1489403
206675
26248
14207
31058
33808
306339
143987
401714
251178
364212
10237
152663
155708
128436
150408
714928
163813
31043
5476
44578
174974
227052
89094
238867
356238
2488366
107472
52668
602423
39235
84066
46531
113112
752684
44148
11434
11780
110507
41882
407009
58569
79223
39278
84111
72111
108052
303
292182
59965
44708
297
97018
81874
331985
66543
66689
21477
25340
301
16528
586803
40063
295
115903
31848
4886
146213
577471
165827
255755
457034
129447
1074
266755
130351
128033
339354
358495
124372
152035
377704
118588
10424
59922
16472
433438
15815
259465
321964
52913
138783
108569
78969
133452
638337
870884
213659
221602
57567
74050
92643
340086
293
930
350273
478941
19877
122471
629943
1453
46611
44765
144748
450634
763829
285744
428576
1587555
102618
27663
1317064
450531
199008
738774
955383
187462
437203
456126
530872
228825
86040
321580
384013
20174
833394
35791
328354
235416
72611
197990
358235
189773
71911
263940
51386
456387
101327
416153
299404
24633
22909
14508
11609
6328
192089
22194
554498
57794
67199
166548
340297
296247
232714
310835
81266
47712
264773
134696
81797
119192
294593
56670
8907
29435
28584
85814
8941
83119
32926
758052
1869558
55253
48895
37933
560300
145790
3960437
155744
40884
271312
35987
470883
125850
38581
5777
78033
566107
63509
72719
735734
53170
394477
132832
326709
298854
124660
809385
703
132790
159581
782761
778462
69490
670344
306
320432
80742
16500
1668239
636922
263290
93269
206566
49793
140145
66055
25873
24665
326344
181281
968883
818936
1356991
200127
154319
109121
77811
906233
1015225
564327
51591
1424975
183124
373389
303054
90651
192351
85133
528741
490723
267806
226652
90574
295565
113019
608462
6108394
13852
88786
109230
22756
18299
208687
740168
522797
259758
722616
55935
3640
275641
1116588
230158
2110379
1031754
28494
2699676
28
334896
38670
2241952
606748
37
563403
274631
1133300
211910
22745
772872
5520
741457
1766539
327045
1057068
2832818
1018145
70389
358060
106764
598904
194176
23352
141361
1884203
602
291456
126761
28277
198909
618451
2911536
189162
473274
369299
444666
68801
77832
977092
816863
1237521
87433
71939
1049005
359065
77349
215523
58782
203810
29
548583
10869
1522725
621661
658292
1382293
43627
1021499
3351040
175695
335974
1212042
1200297
620349
3094441
1006804
32454
630088
1623791
917124
336975
451744
164534
701489
176787
148961
47150
145087
50574
90353
407936
211805
303
107043
294331
216236
48499
418208
231214
259186
303
298320
669004
405464
403341
361840
303957
711694
49633
88615
116099
220764
188076
484673
212363
42685
192612
231583
100084
671857
40315
43643
9178
48494
769390
11631
26396
114730
33652
140933
325315
76440
137433
71307
180082
86114
115979
596
190114
66837
167667
3206
439829
176211
256019
24233
16296
2271
8104
186454
143604
272099
398003
76415
33622
141893
7109
26666
108666
1636
19278
596246
207598
325305
225844
402699
94834
769314
74193
199197
42730
936884
456527
1443
39589
226330
82193
72450
29456
56443
385
30189
65963
169603
41804
26283
110326
256316
12144
61496
162784
151201
6275
4188
37588
74503
438944
10866
42646
150471
19489
175607
31961
192304
366438
7872
71797
18965
146346
943
4818656
251109
90169
397952
3250678
644788
148710
115548
44858
1303305
320659
28191
912469
68995
90138
244398
519580
533685
181456
8021
302626
54413
136398
174577
343069
372146
56512
67967
763915
493961
174964
99808
21395
347533
543456
87495
37894
638435
434134
9832
95221
991079
24814
55619
364694
252755
157943
185381
400032
353696
144509
327817
835008
227433
257871
290
74289
101395
289370
15620
37703
11000
14891
98273
162223
13031
394670
87755
46982
121157
27799
165367
85751
13065
263001
38238
187968
561132
54971
118581
227686
411829
888510
285942
92444
143270
26183
332
334099
15122
42870
179409
63398
69497
36646
134278
106609
40582
333577
92393
113094
69611
41269
63184
191024
138211
129166
64233
147840
405854
28798
341802
236069
2110
30084
138437
153341
232894
100068
326530
95157
148263
416181
198792
192000
131598
98857
35840
54523
234627
6347
140635
46102
22580
29703
3504051
443091
294825
1198460
59460
2086130
1222781
184298
6878
102767
18073
270748
947337
303556
199980
320531
4631095
54066
1899280
228061
2289260
1696537
1752058
635987
607812
161949
1025706
560593
132790
301136
587982
713
1107160
5909
1114490
455640
365251
574235
884903
58837
320826
484462
586252
97851
199810
172108
254193
1177191
1061798
2424
213105
213982
26214
40
745218
246660
216058
215072
125308
17499
43704
313100
44067
2310495
693946
30761
118512
174765
155330
152001
452917
538706
36731
193858
30533
70953
435851
949277
74269
18146
1313252
164469
661684
72046
25605
1304469
895069
1462255
484889
21333
1488175
707354
732273
459180
22132
148138
1014513
574044
2445240
816307
384895
95306
146453
110045
104084
667233
65526
198475
1245677
224805
264873
100012
51510
1004818
511597
612218
635954
568863
180901
176147
15162
692266
18229
943294
9940
62855
356205
413717
955334
485745
1337132
4012
1027511
81036
289548
466458
2898648
3569422
591988
250207
674240
1140593
527498
54656
199627
141779
6271
82854
405963
104890
75423
561793
785026
695628
88023
686486
1841466
1185481
3245092
57834
133845
799051
450362
599033
1042005
648349
533347
472547
65484
34424
955183
220176
408539
411783
317260
661342
68502
135654
229203
1438059
1851588
4509
245847
32665
345543
971475
587755
28812
140349
420050
602111
25786
1194247
382929
620595
21176
193306
1271800
447197
115538
272780
1454374
1127907
2126742
940584
454498
374228
371200
480469
19004
2160278
299218
919248
2348693
155339
112763
269201
14915
127436
238422
122229
1445633
245899
97407
61564
230909
95258
106141
96056
207809
208171
93740
95832
177521
98993
502259
1035757
1817515
293143
3724385
796672
1083902
1355343
1838349
1899231
690630
1039447
2137488
595149
873790
758000
36700
54256
598066
202220
1633510
1082684
799665
958768
1222232
577389
232791
380038
2555228
2205749
127846
1385422
1221467
724236
1525842
40195
345103
343523
101703
354111
26268
127411
506001
2846201
253126
375750
140173
565722
400060
295807
647302
247048
915660
44168
311626
797349
3390100
1158978
1449660
3676625
1033408
441020
87794
775748
254449
3046973
952238
93000
1497933
306554
18216
2568365
142483
832636
123180
1147973
32047
39984
221935
266657
130022
38288
260759
202927
140110
608210
152202
978993
27040
157852
555205
38480
43829
474724
315289
720160
173275
683035
1495687
1367092
194158
167042
257713
1379857
380687
899072
154939
206917
73103
3402
457709
654089
122324
862246
19110
1020651
52892
298358
83402
990731
464361
801517
995812
937
1367933
1482323
33206
1905459
379375
20464
881802
1090029
885689
905176
54510
780328
2876674
409616
76703
968176
125704
545267
94896
190895
1557976
1226522
721988
476439
171829
43146
2652816
343439
19630
20667
261999
62336
27855
127276
935394
92670
7778
5033
672938
5847957
127778
350125
1391768
189114
287576
281624
1066519
71472
156865
261279
751198
800056
86469
168888
1885953
278947
2304629
655488
145421
1231066
1245877
45835
143412
129323
2956252
498205
287035
981
112063
283229
33970
1320
576163
274218
179370
1296
37699
718641
30153
302
391679
265929
108718
335858
116051
148463
300549
63928
135471
44284
194118
621358
36096
209428
21961
3052
120717
352480
552008
96735
331667
57351
447369
85338
1512
253744
19295
50990
37777
10684
626599
229582
62676
75150
368200
111390
961152
823805
1022267
227146
821227
181081
659186
16861
255575
94436
88882
679933
141545
3923
519297
873341
116122
1900523
140849
1053103
444327
38515
270174
224189
482572
188014
300
304889
695909
267462
35702
197328
30766
1258590
56561
235073
752414
128433
224861
791893
8600
357368
271587
198167
76006
1262752
226148
1567457
987792
2170
1083526
105159
881955
928618
271716
1429786
13538
2870440
722353
324450
16834
2666985
397679
108705
214017
87849
88870
3440619
247913
458007
262316
1705450
149785
171166
655
1114932
975809
45068
2593
233208
935539
222604
840437
269843
69475
369283
556488
48397
2977553
463731
352683
1822705
116180
7701
349964
374536
665338
95146
52340
64891
22508
806433
612716
741930
408133
27375
194890
367714
328
322838
229931
477475
203303
1121753
106096
26473
1127875
20181
515255
570787
46613
505346
129559
895694
133559
13529
752210
232211
109246
2004649
99350
105370
10419
181178
344588
32844
1303
151544
66420
2274
35380
318731
707908
2719347
151492
62741
142814
512162
1018365
7478
39651
171373
15289
4205
195859
82387
244122
540567
54336
347
6427
11612
1683
494299
2123
461263
19941
459378
300
471525
79687
107234
240495
450494
1723
11613
6433
364
52180
54557
361
6419
11601
1701
46132
66181
128972
128352
1863810
301
83003
297
716394
162098
120839
57671
889605
721301
1189695
322327
328327
217879
82113
53458
19051
117844
364034
305
66727
66601
55848
26327
2233
9719
90178
48227
866567
754087
94806
303
154766
189318
334283
143017
580170
374190
109638
107619
10088
10056
35
680221
19877
293143
334232
654717
59073
1028496
159071
971422
59916
210019
19402
75111
290110
67540
307
302483
569183
294689
319531
467213
315355
40690
136172
200487
146269
150120
7961
195495
388200
46632
86662
475610
678397
781138
146608
781896
485260
90663
121645
214702
1132049
1810490
6982
473328
4229912
1083641
1950523
39102
43018
35113
111075
39964
41693
129235
31674
78131
114514
1284231
440120
647328
22553
885090
2249229
890899
2575150
839826
60087
1369905
1238927
1045418
265940
48208
1783884
1229820
408277
48558
2210
60030
15828
28681
54441
1364993
1358470
297137
172110
260302
49601
789909
590158
248899
685246
291361
34952
55778
72422
736540
1669470
2286848
1015986
1571051
442155
108154
106595
290115
2101694
243140
10543
340518
203312
980856
552860
7047
891719
72576
25470
136235
215494
79573
62009
43920
25560
80367
124949
114090
15822
377549
45090
37798
93782
16308
1511
166060
53925
151372
381154
107205
6106
466
340497
4879
49603
955552
244359
75979
312277
802199
606230
2870457
812082
52349
443637
90776
58967
20363
211154
2244216
764526
633870
112929
575913
1842463
889386
540195
167453
167371
71504
123640
620286
2576911
2231247
1532318
474628
774890
1455549
985
32362
764317
183434
34507
500859
527920
2335860
171968
517231
78163
261660
259191
2578023
2531862
233585
493859
476513
154355
3510173
2776830
103825
500814
231599
1056646
1226718
319285
307388
887973
1511667
30926
266262
89591
958
154418
98515
818906
59503
127725
183480
2506858
52453
265534
183517
1470010
1298
27467
67021
877609
1173190
56526
141859
115927
232667
611435
123231
956594
1970850
191764
212765
326208
85652
749637
223721
1591356
352544
2285124
381697
728577
1413489
171920
171216
938815
448387
1490160
152028
2363656
612245
216097
464614
124029
6222
26330
266796
241253
1794337
696229
594900
1454093
522349
273298
1549388
130641
52687
146466
453046
972914
1278272
115608
1813713
775710
113184
32909
459514
1083149
366593
1336555
904236
34411
751838
567030
1561990
1014015
592321
221849
245994
57869
163225
52474
256875
835142
1636724
180942
542479
477160
431627
61839
963581
292
745411
1153205
54136
615216
992097
153180
43329
606840
80466
1422283
756019
670363
169309
690465
784840
1851426
428855
1408458
453913
64079
404960
472030
1700612
328204
1544223
1088277
569171
153650
1066422
34501
2048979
57835
87942
162109
40
50192
131871
1518589
258164
915529
237306
59031
168995
64420
567851
778330
777003
115790
179313
31451
41993
10147
232901
60374
26106
154489
311114
673958
309458
17400
1022168
745965
332177
370777
20531
834140
1510262
251539
1965
445973
195639
199779
106875
1501054
127458
1479703
79606
219138
115553
249936
137166
202065
272540
338269
71758
111134
994842
481947
833290
45575
223117
50878
799239
1086518
965193
1191488
78982
55452
69652
1236079
563659
2187376
40973
1960630
365453
2144906
1051313
3137729
1429652
92721
341033
449399
424982
1257600
91277
930611
461394
186355
267224
387582
301221
2874707
1949106
354791
472417
2660761
725620
674940
151406
1516596
490898
300654
206157
291053
208813
276981
120489
329636
258307
56883
23280
44282
115036
312
305055
53805
382597
886869
1323739
104075
2756573
137566
691824
1394877
753608
311416
3828017
1756839
113182
882322
314394
409596
2558996
824866
274981
781118
2751658
1895399
789878
1401603
230320
32289
585921
140478
305716
165808
616828
341320
159201
663237
1118352
57752
931301
1124724
899172
84854
61104
456545
909667
706713
864246
1326970
1616944
382627
539053
340071
7256
376428
128808
1508273
62499
27645
2005559
317742
7024
197233
574179
376046
402456
170193
298746
432904
652538
597328
209787
1485535
21233
1340438
108921
342578
1282811
421446
828887
1909417
1007957
538251
693158
10675
323160
44569
143581
408666
7569
80392
360160
1245244
1382595
3315290
510715
768917
86361
253518
94388
926404
17587
811400
25181
320406
396746
41763
30707
63991
95562
68914
892258
491069
697969
2806
1074678
855805
2433837
11321
2157470
527809
400
117324
59670
1091456
735994
708980
20415
371208
229168
1502315
973838
97007
52751
7420
669266
2135283
418071
614851
3704695
2498178
241989
203288
166744
222803
280983
160509
132378
164848
435945
2130523
717843
262894
1846286
680887
1791027
90727
1719782
493638
792926
18816
287740
32040
1325903
535132
1467372
643101
664916
601038
1253517
1078756
540830
1205822
889350
337599
51886
281540
1168696
659037
1016225
6393
295040
902153
86102
1210736
625508
232378
26036
210040
744096
289155
359530
838196
299052
636404
1067182
2560158
1262142
289093
189193
618032
103417
51296
36087
4247405
178492
401169
756316
552338
79176
223509
710838
641820
102315
969799
979745
539778
36658
175078
76034
12002
81632
1521849
985
199452
1655875
268176
2647961
1054074
951065
62336
289256
1901543
1006861
149312
2204818
702721
893557
749405
30296
792700
7233
769998
227355
463016
35121
2085332
71694
479137
58390
1773379
131330
255291
39
63112
606664
74643
1751729
131935
2695417
861787
382013
722997
280881
1315772
617631
15524
303632
204221
65551
406801
14557
3936140
72647
29117
397624
188684
160495
366116
800865
867597
172481
330
10992
412031
529869
656480
1386901
542395
1
24063
57743
173577
117671
142607
1227664
33420
78721
303941
5435039
180014
843343
30
11948
2175708
42739
1244499
25857
237794
28306
111451
6531
326899
23413
47489
1192831
391418
718157
1428031
221616
891155
1356048
9548
402342
724041
200090
1908019
626577
1031824
56911
973562
869943
147219
17891
2153724
6101
547349
403447
258731
2125819
65085
595171
78881
71524
151431
665188
554701
53360
360178
1972629
279631
600075
92840
795119
602652
435479
340811
2135302
30440
2466284
93297
274927
904816
593642
1353124
1045668
1817909
135394
719767
875832
1030658
50
598241
1959700
442793
170523
4569014
65592
92113
119118
692035
921468
255610
153337
20701
1412619
50278
1227392
55994
38869
136053
962147
428967
2160427
478954
81
347822
349714
279729
1027358
203134
1299344
241623
525800
768936
426572
423720
621811
1003526
1068697
1201102
277477
1776174
57056
36031
1275841
360452
242788
1912
3645
177005
2063060
703929
693779
1454838
427450
1416567
296077
188513
125756
312050
62217
24715
2840205
387566
22461
79182
51714
765741
206556
473454
1157
623
21009
154146
267560
281075
311622
49212
31282
275666
983130
307
1027359
3187518
216686
306031
870950
88448
85437
1741361
14261
11917
122355
293694
92900
493037
713166
235418
275934
1542767
1265383
5884
203346
142852
5970
1230999
261950
688645
312554
28754
95767
282423
2386190
8973
541871
1293962
34603
184796
964
125324
329692
13283
55782
597220
464353
363582
596852
246069
1499270
228253
70184
412832
43078
140379
1883600
2413098
305915
42476
359430
660823
77484
393814
61017
216164
715929
88904
207141
1665907
413800
152674
26351
29385
1367899
172981
48732
126787
179997
394583
72429
85123
307
45549
192143
128506
402838
205633
723498
526578
1367627
4549
230602
800384
93459
217110
59548
2631432
723772
313261
37125
920831
3849
264017
173025
6789
304302
2142991
222139
2011289
63533
276260
119103
120527
441986
784477
272496
358973
28018
46150
34227
310999
196649
83489
1335212
567746
188425
181150
642617
191419
160675
1859
31185
39879
19037
49471
578095
837737
1081163
221615
764923
230501
550390
51758
1105238
850866
211427
288009
234344
122514
572876
22936
85167
538146
482680
931065
1644
63411
34330
142028
7545
69407
675036
49898
789373
223580
35672
513751
277164
29476
1080593
578107
381628
58117
1313456
322384
967603
154849
85324
1579514
506450
349900
129215
22949
35819
56034
726440
116237
533804
115495
2363617
239150
363905
1192815
841514
527448
1040213
404747
22038
151977
2408652
1525024
175730
1036567
734403
221997
822895
4697275
1088829
77063
417794
189516
2167219
265880
211561
1178284
402690
255114
21383
41686
789396
1207573
384706
552538
833949
760934
90504
135797
97523
42943
313
176620
696049
804216
487436
4528173
508599
304613
803750
1143154
14717
276360
163524
757735
2116247
942235
124441
582095
736028
329854
40265
748534
486479
1670799
1277002
271198
1773785
1273968
2303939
190776
1009511
400147
209574
934217
153191
418374
483171
718886
333674
153522
2528014
856919
225740
590966
910312
426809
1183517
1560588
19153
98193
542428
266364
851017
1420459
3300729
62085
1026645
1556842
155040
1307346
1225856
800987
156770
244264
186243
2354404
815065
1360664
1064358
363913
280799
627707
1655434
684886
1560744
70264
1042674
708007
270515
232146
140082
579202
202464
453808
739661
81878
127268
498224
15464
87789
397582
1048462
2589090
97197
2693793
306
1484444
1304031
11061
234893
496892
86649
114297
54085
130043
422992
1135564
581685
308316
134106
1993519
981109
1114117
154170
2033132
1339296
871537
146696
1509690
168315
975396
151831
93943
24201
549644
54797
2797417
143236
823469
518031
557294
356717
102913
360678
128246
26401
740186
5612
20733
326580
51116
105360
77167
4713
1042957
263467
174978
340687
921807
182210
1265678
619862
236382
1423279
452072
1800211
50591
470995
64423
1733461
224893
165281
528698
704278
607189
1156294
197016
809903
734484
636458
261796
284211
1346738
144767
127791
31454
843418
626147
46146
8315
239029
944715
735966
233198
656940
879103
646998
251745
332542
34603
509036
990868
506233
717590
486640
191996
1268485
1015934
79668
1399319
28847
106182
1408172
744716
530820
22551
2047016
875111
261072
600888
489545
310492
50958
314
153502
181588
618682
93452
11238
1753178
129408
73288
122957
940207
171578
1857966
454401
176124
1212356
643434
500923
866
2078971
626860
7670624
113890
254531
85540
290687
115042
44553
101844
100181
405125
81123
81
104824
146227
68535
331
112647
113955
23767
48522
74919
4581
103667
47685
43590
158636
184357
818314
420679
514624
110866
3539867
353589
721031
36727
6620
61442
223393
38210
330455
439910
59107
10342
262830
621507
268134
285640
264721
816332
29401
85259
121175
6530
158996
29547
150850
380215
152981
173447
340887
1881347
282898
554010
6631841
1022268
1253838
1586012
78727
51026
807114
1325596
1248809
505202
1999980
627581
11392
605488
34089
140797
723971
150882
146514
109421
683407
462019
131773
144328
1505560
1344394
40911
547679
16539
2128977
2163422
46703
648461
47
606117
1332178
1015968
1072761
357064
1385614
416709
488731
47310
840929
1954255
1036804
1721330
525093
1236286
84059
170920
724176
1928863
1087235
56079
628683
74264
259744
1682
204874
132307
175581
1437970
102076
2587
1477152
253625
1452996
1035521
1257797
27
290140
905947
116563
342174
667198
53846
805453
44687
41088
81909
347346
1800988
842200
733574
145201
128153
673379
915253
2033814
275573
255443
19161
454727
171207
2123999
888228
62537
37489
164413
2068186
1451465
925455
152253
949526
377319
918051
2574734
80
1346639
120423
383978
148724
477392
2254516
313902
179038
912199
2270202
158031
92713
379504
734295
136156
847545
1437641
342576
11974
579080
183779
299577
1183406
85522
67870
543022
192321
1524440
352420
357153
19838
86293
2304270
688329
169841
319561
592239
1160007
64423
243579
741155
9279
1230502
92484
3384651
26529
85878
416712
494992
1699267
638960
892670
1152954
386295
942842
36325
877504
1158310
272734
2146
110980
120632
202318
9737
147508
4124474
345592
370038
14257
1939030
1206527
1607408
1239059
1002686
460054
354874
572984
737390
725281
28755
3704614
1064365
799551
609882
421071
320572
323466
508126
367767
680619
225067
52371
41910
130872
1051209
754731
405589
597714
63516
9372
270140
816041
165656
317738
66859
874121
3176850
643317
797808
2643199
490464
2678
99390
46102
1092291
2661186
729346
1221437
372011
20464
424952
134572
64500
651937
537595
3793703
9214
2179975
189606
783035
126164
690335
1357033
215680
40446
1934968
878275
629340
8855
560107
312802
247712
124117
40525
91171
1703222
2348750
1720379
897250
79591
1534949
278842
1612316
1456469
494426
743124
2319416
1261397
612276
69286
323
106919
333250
392987
1044582
1608668
11146
47960
110969
169808
333
303856
434662
159884
261565
26202
139265
44792
492564
1693495
480011
161873
38
2038004
172439
117438
390348
1662603
367313
643933
281238
551170
721926
253732
2356502
562132
1016533
58807
298442
869931
113675
253927
2546079
668997
455453
186838
89558
18937
46500
49998
63894
71814
32309
468276
12002
81632
1369045
6101
122516
572953
22943
85223
530517
1731204
7545
69411
145857
35492
600488
725887
2851059
33
305
609289
119365
469819
1859831
2092451
3424027
659564
168083
2509457
2302951
1212515
40830
25022
16623
28593
7503
59944
15921
66591
704538
1783866
2878667
877702
817727
418646
164613
88582
1214984
2304304
784992
592244
475438
1143788
832765
215951
244300
1562156
3037
13988
428050
880267
31371
238101
8269
437977
881359
441785
241689
132121
69965
61846
355415
304439
374334
393619
449837
375392
89083
152266
70090
58745
17983347
580703
449136
421687
89038
1179502
164384
517379
69951
55627
338887
630543
11734
558734
61841
69981
132440
655201
650107
251098
1225618
40475
1474698
452961
677732
14248
395
75931
78753
297715
196783
1247860
411564
1041543
35234
1334421
799312
1172577
375175
439172
147896
414073
1195601
94450
162054
390617
53592
11012
785
171894
464323
475254
1118310
306
249928
1358636
144139
299352
5936
57891
59296
150119
366153
164741
313880
878800
88287
179486
93160
41268
373829
429937
86650
21403
230528
29944
488240
235264
17313
40829
788143
512475
37038
352154
147778
79893
115353
876308
885630
128073
1161789
496301
312199
171023
108868
17545
330818
140284
73427
454370
479782
31462
30198
147792
888866
247422
20538
753662
23315
38161
297518
102116
456040
3314268
165385
551860
51377
1329135
967554
10794
58127
359312
23708
926356
14694
1040017
932128
146322
918856
1248769
2842561
2758430
518371
1253926
86691
31322
12168
381572
352582
974680
245150
190464
582693
79907
770630
436929
187257
342266
34108
67605
5700
472597
973257
17997
39441
765094
461462
192680
146128
63272
267511
35806
105319
93204
47123
288
357110
17281
709871
47132
708627
83609
135135
201438
73216
177957
203994
616707
458867
1190515
772740
1223138
97711
378712
2624
371849
87529
208259
225810
124220
679836
17466
80188
11954
202440
89384
175132
160278
696121
323708
45952
184303
31751
376297
347138
620057
606846
175862
199224
414736
45687
451310
320291
1100571
207537
517117
165289
60130
243220
187390
786885
44933
283
98229
6678
78888
384608
639615
173144
99744
8844
60298
166155
196036
39235
84066
46531
113112
753742
44192
11437
11797
113652
41886
406453
58568
72076
107917
304
292553
59965
44708
297
306004
30950
11107
78624
145433
638618
101254
26283
110341
27716
138630
126055
147068
402876
28798
138813
136155
63310
218131
28798
138813
752977
28798
138813
780514
28798
138813
755063
28798
138813
691356
28798
138816
123942
147506
404802
27746
138813
136310
348534
28798
138813
137134
64072
147622
405764
28798
74448
22509
17064
301
83003
297
20720
216045
985
570516
6101
235134
122542
568629
22944
85189
531475
482597
928658
1649
63385
34332
141979
7546
69591
617287
48869
695629
22936
85193
528515
482592
922994
1650
63421
34333
142031
7546
69406
716152
122500
572443
22943
85217
583687
482187
925884
1650
63405
34335
877572
175270
122677
572494
22945
85181
616833
482647
928944
1646
63369
34316
142045
7540
69583
656999
951510
122507
572761
22943
85207
527762
482640
931822
1650
63389
34327
142037
7544
69554
619752
48825
784171
122579
572493
22944
613527
484507
929590
1644
63413
34326
221474
672239
153865
835690
34449
129779
4806
39867
162998
32935
1316
39852
21850
83570
44198
327207
849837
247562
29133
224105
789071
82138
369629
1150927
2051630
1728383
226257
1139295
603724
1792716
1176500
107190
16388
316110
230305
134452
1104569
401932
456038
678003
141913
40824
199394
1420599
169473
55078
34271
242355
390659
727472
268170
3588709
148645
137706
55564
1168
166104
67192
146190
2611733
1007645
235295
752961
92028
258048
2254896
17837
882482
426305
682341
357269
298470
1369500
128270
1745686
2111023
536524
294
295359
560820
1495939
782562
865641
56171
229087
75541
83124
216245
23942
543260
255327
250545
385594
40543
247570
142596
101440
4512
186799
379038
274331
127561
23555
28861
258981
108638
568721
129045
144899
72121
86453
46337
18077
9239
9260
190726
9251
9251
9248
9253
9244
9242
9219
100185
588586
683081
756725
45573
847063
683600
248999
220825
259982
302431
5677
681820
209849
1335629
629422
5788825
1017845
1597447
343729
871896
2448626
811959
852300
394499
1961264
571852
97125
388582
400267
1380292
419269
1228537
8536211
1457558
839553
1870151
188297
384707
511251
472485
77211
255157
396420
1321180
2614092
416654
65068
73850
124183
9256
815040
2805265
83069
1069500
1002517
507176
618268
3936227
1278444
251426
193230
3986323
113392
351573
4297396
140605
579636
92282
84189
34354
51219
17247
60724
1276924
134361
1409557
1354318
1591
36469
1197084
4327500
295003
2270699
719849
12656
646156
212254
377997
653614
1393487
40
188065
1248400
364433
668646
1280762
87261
384503
363203
4064
289752
148214
182203
573251
1993767
61701
1124017
376227
1198143
2838035
955920
525461
1557987
491887
989027
92515
27112
308870
1583774
849837
247562
29133
224105
789071
82138
159012
1172568
192627
555357
455799
77159
142223
401494
888478
448154
69643
72482
2613594
135306
1343
38075
952858
709033
55776
295445
284402
198639
58591
21365
447870
17908
38214
29
1244713
519378
2521242
263146
322664
263148
106030
169071
182706
92448
832226
612549
855244
2513570
205552
38206
1694330
38177
205523
523636
30750163
