5703607
1094077
1050941
276509
56717
716066
175953
702774
90386
312260
149885
5882385
3030742
974962
254213
728177
768295
24630
986637
40663
210246
3414227
2363340
2030340
1062687
14230
122088
442381
2476452
143708
492951
2185837
1041617
718640
253102
579109
3526240
944599
758839
604
92100
265964
5730140
3063431
2497565
10067356
2392017
4588667
518097
6161096
5217000
388731
1813228
4187021
2367496
12858895
1193260
3647222
121817
157586
629342
802038
3765265
2519362
23537191
868239
662546
1628602
949435
1713047
75714
34
1162
296
7478
176723
1
3426643
1995336
440391
1779741
677283
219262
1261511
1497793
495554
197080
14150601
2952716
1692389
697085
2542644
5330672
3014063
4352
4961989
2289279
1861215
48537
55456
1821480
634545
4135104
1611134
1347751
76289
1337531
3832977
9124509
2545349
3998168
1172792
1628722
113385
1603445
1315498
8622301
1826756
5090561
1075736
28243
61317
25210
4435036
934942
7077403
158638
276903
3523995
558229
2435926
3763782
72679
25676
858847
1570917
4852453
8625027
12044009
3564022
795607
486239
393558
28507
98618
419117
2896952
1148868
1193679
1054985
835914
2844677
2164205
3453813
1886140
380895
4744989
148521
128982
347076
98368
752937
1285819
273492
1575874
92248
2921480
3974867
5559472
3593061
2206203
7664801
2155746
419225
8601
7135563
330711
2424209
809444
2620764
561640
1368027
423538
172296
1757370
1341354
1469205
2696056
133145
15505877
208746
1056352
10805
2710887
2980640
585688
6151201
286795
12396343
629759
2240773
271535
315724
1177281
1250713
464805
303
1126926
368856
124397
41
192879
2918179
3554370
2945928
1685550
3957878
3863465
1042937
948846
3466504
6816889
145531
5834433
3056548
358706
452191
1854740
60484
3613889
161551
1604841
745752
194974
2415355
39394
1403246
1387184
574453
28
824345
1323474
4202282
1259698
103932
276707
171324
111456
502999
4488696
339217
904331
263752
201382
47442
119466
6448996
640504
2153857
308228
2264454
97872
4907552
5685634
1138909
46121
762149
619869
819281
5018874
1518551
1360380
3849158
3377756
1189681
3494299
3547622
91923
4993625
6495687
13518053
1863924
643786
4584231
19268
4483616
561572
239148
857803
1321101
58611
1345211
47838
5812420
5741755
535920
126574
889679
152203
9501
5293987
1202830
345182
278508
662961
354097
645270
89772
630939
260176
54536
781746
25408
317199
957106
1375334
1978091
6038808
46689
2063351
307145
1322716
329
21659
271793
3672203
6345849
3501248
323969
1662864
2650143
3655147
338118
52428
68059
37649
1118596
696557
1605980
629647
2497622
96596
397936
3507819
10304943
3256080
572791
2826717
528582
7149228
892853
3541345
15026075
2793044
519791
2075895
2932353
5764529
554783
1719949
1820414
1345343
28246
6925637
867332
2944923
485062
2007931
2830746
631727
3691790
1899704
3085663
3396004
410589
1462697
3166377
558033
5594051
6004160
938194
1876310
170204
151262
2076886
996292
121058
183959
4641590
3799867
3300820
1114391
702425
1746188
936292
802547
782302
1713901
5529826
110901
75264
32624
10657
152092
858149
467551
112210
1151528
1518995
155850
497392
573534
437155
8177111
91815
195825
180572
1768272
91698
2079781
6320761
362578
418349
859779
985600
360573
396811
996272
622390
4636078
212535
1855460
2893604
4134258
4521578
791233
583975
1787622
641604
3676196
3414655
409620
3563365
195676
1740411
1544453
32115
877260
817208
32187
114265
100488
46163
32158
69932
640267
2815146
1098832
1048620
518681
1430088
647862
229270
373066
579281
1084574
151733
3821324
795294
1358190
579220
385260
1331669
1129553
1012232
408652
2027429
2514815
1607205
5319584
2959697
171086
3182621
86048
4086962
2574841
121803
309196
134321
604408
134729
67943
1291390
1903237
1553222
11685847
12193
573667
167556
5515860
1194416
622907
9598704
2718001
345283
1587
428809
146006
782897
341827
861359
7180
153972
1252219
2781019
1151541
148691
92085
2401964
3687225
2876296
208116
3196228
96245
459972
88073
1429319
1752448
854893
1385778
567716
87429
173635
249795
593925
1180502
104302
512850
35703
2754921
3292243
245658
175317
1432857
41055
241878
12167
35743
513578
73334
141621
84301
41251
1997546
123398
424838
455061
5699600
1053302
103864
743992
482219
440579
1204031
91606
7423000
2094464
181919
465063
767716
412031
581535
1149604
1070973
90676
1383257
673150
2323335
471947
1912394
2294412
3609022
198210
311619
2467726
171992
2352211
1532505
1418883
229715
371721
143651
1320459
199039
728720
4023809
4370224
1207898
2687778
4015627
65502
1091601
349063
450035
108499
1952313
373054
2174642
6877431
2628983
8416705
3088948
486063
1281837
6698078
90342
8976182
6294534
4192241
620439
27632
12497174
216308
274315
3543634
115770
552535
293546
1493087
594652
266040
280827
100356
250901
1237286
1563084
476956
1715306
1717840
42096
343478
281598
1301602
1012475
219727
1131941
206046
229941
8945
455575
403834
144820
21328
1061110
185878
54206
51033
39221
346293
34385
950832
57
24218
635807
8974570
208512
2178322
1
458
547883
182816
39
309217
79753
1732193
831596
1876835
631507
30751
185816
1387166
3876184
1059811
385195
365921
331487
100230
355428
201820
40127
2464248
540641
248
279392
14043
283268
638
7622
933318
347127
3256851
411480
4115296
2587974
125942
3162468
9416357
991874
866485
155212
185174
822473
266990
554975
776183
32
389308
436257
4102163
3504892
1921119
272529
770407
2041735
725623
1028034
452191
2800065
6463
383547
57706
74224
240563
6318273
460966
6692480
102715
1850064
955506
631022
4718053
76917
561990
104019
45836
1001668
214391
1481389
5542233
4157096
4067187
730495
1012652
1877565
1204716
4833943
382435
2835969
522687
1179853
3628380
3749053
439767
446744
170203
2196532
20456
1182110
251871
6670990
4561577
2533115
682537
117861
1986230
226438
1087045
333780
10911392
1132625
762264
4462144
1907062
1299160
5976334
13045046
461633
617304
1200081
838098
266761
8793112
6232976
63380
2390072
1842424
3418145
545123
3155133
139499
1379123
49382
9370
413021
398102
1825840
1133622
1759237
4749654
2841610
2948235
4742431
7974896
344055
1033719
1085243
1998478
1719595
1414162
2246114
2494966
502030
852456
877137
100738
474088
73991
20372
837655
5114243
1244857
21589214
1213724
30597
312
832018
281584
2514483
5198700
5595117
21732
665738
109600
944704
341054
1750463
1
547368
1904139
7324756
5232405
3634750
6997933
3821910
224946
513808
6135138
841359
1212395
2571939
5706148
2066028
2219864
1636680
293
313
46222
5553
269101
234690
1822304
1356653
597076
83752
1642284
952323
377332
4047704
159905
462039
66528
517344
610624
446988
1162854
478944
499632
5430632
1416116
671377
1055487
60624
254154
188108
419643
40479
2104455
45034
5252734
315287
2811116
2053696
298608
244062
530031
1220175
3975195
4278079
1318601
2692777
4046065
619828
2885882
565511
1514562
5136598
620691
844535
2475717
3080188
50797
2187764
448964
109394
750089
2349740
1054913
4182760
24403
782704
2551858
1511296
3528632
615105
3376265
2860626
1418708
10671309
542510
5132203
8850522
6996615
2338040
2966506
9774765
1161002
475832
1169688
3923840
280031
885225
1118769
3664733
5559388
2408022
3430780
1588669
3027338
1413597
4215360
5499486
11383581
4956238
81992
230996
106112
6088
122029
3551327
805187
1112260
603573
310146
266078
4587565
66818
2027667
218142
4791789
213189
1374746
817236
138094
2901771
10953827
6023277
7387877
2425775
16793771
1488660
9941931
609417
3527086
953766
98577
1287644
718935
1008748
3477097
26
392055
28367615
1309761
3997989
5735541
612431
2856329
1948664
7575779
658160
1894851
470999
1103793
179362
3062216
5184585
3359520
848371
2395999
2794461
2913482
3129273
1838895
2402212
867478
6019797
7368581
1593372
1873944
991304
873606
325303
3093968
13451149
1754491
593336
9604723
2964203
2195032
59183
61078
2020741
335693
1018517
2054954
789952
7036504
2803110
8965007
581855
497737
1631294
659797
92617
8108063
483844
9421288
2135738
1435597
11864346
6769653
4670835
820472
1675936
5813488
3469310
2077492
342548
547932
1248819
4499953
153831
94688
464696
223226
1850605
467423
37
650
37
285531
3143193
2982648
3451203
5122517
256006
1085800
146378
538693
3158718
3265152
2281354
3304498
182529
469555
7233848
849156
3767390
462764
448251
260978
645450
341880
1334034
713622
462169
6630203
3727094
2410776
2036470
5164749
727216
3568590
1127742
392633
1051113
11401
83491
1247096
752752
151521
287984
551993
769829
1812752
510690
507009
68192
103867
1766088
4523232
187857
1579863
7661
1505966
3732471
1197475
495398
2810521
8880472
7388979
3886568
52721
108234
5834489
6241385
4055229
3738856
3843853
5683335
3545677
389382
38
301852
1288870
222287
2352396
904341
526921
4201240
3717458
5015272
3444880
1219149
2858385
1829051
2239203
7503333
1982200
1832337
1064640
2438847
1929643
1793097
2533976
1648755
2421015
235227
425380
4207304
386905
2749043
11902391
89649
2013504
1659879
1979778
644749
1088717
1816502
1865382
2552310
4898378
2219580
1664806
3143474
581266
2333209
2464539
211220
3535397
946929
297831
5746568
9085
88294
338179
912720
22480
847103
783404
293
464157
91459
8278
889
13642
5210
133067
576611
572472
2125153
2770809
59287
1665590
1379205
60637
1078931
2870635
3784251
3400236
5215861
4971065
191418
1962276
2985832
278616
5129733
460201
977214
3286280
153055
2124518
3700895
6636441
4376071
1804148
3337776
706950
2295771
204392
242320
2295614
751555
3192372
342563
524996
219558
288134
2063359
3390699
1422662
5802409
2362324
423245
186522
11175165
6115776
3505147
63380
2668418
7058819
2723846
486897
2605046
213557
1294012
155103
15310
3960339
1174041
1333471
2645284
548237
309217
1065617
269673
454277
6653017
1536066
2387329
1332588
111145
421576
2742923
1056380
2941425
1010909
5172911
185589
6257235
1278052
3415062
1455388
982992
543939
3508643
20599
324539
4379646
396588
82231
3267990
907162
7152838
5850166
2624766
346298
193179
257784
995466
3551061
351379
1955681
3515233
5088373
1275042
411603
38313
118886
2148986
301060
1103097
190658
185457
1239215
3146428
3225323
3160146
5568673
3672889
41756
167347
42983
2202208
85847
5355356
413742
1593202
4019381
103239
538249
1514169
1190397
293606
88770
846310
999237
33046891
427733
1252087
491391
5113757
565007
2175155
511251
1631071
4605718
820124
2230046
4808216
73961
409508
4616519
5936741
9062926
8415447
314324
3422032
2635903
4501
2033996
235645
795637
802547
32153
113244
32163
2141709
91513
195783
180642
325550
91025
609264
40207
132080
52948
88998
649582
90963
39221
11613
278723
276972
75809
354566
12039
43581
11400
84341
1235794
753070
151557
290690
546810
976123
1237034
753186
151846
291020
540429
1036796
1242233
802267
151516
288280
546528
1325559
866430
38092
287987
549758
997310
1236502
752845
113365
38095
290849
549820
1235565
1198476
268039
1241405
137615
853762
259175
4552085
1558859
3792982
427859
3252594
610193
20251209
5157341
1430226
1245500
1420024
975136
1971168
2630057
1580754
646786
355280
150905
15623953
1349521
2296331
18813
167569
403708
11278
10541372
3468795
2210882
2855607
3844911
323889
6052169
9919414
1056286
78789
678234
667365
3255193
428899
820539
3333416
747689
37
4067779
2983920
370728
2361121
6401
3222479
16007
55281
804059
12030264
1661836
137615
853762
259175
1686474
1196161
1861395
3416250
107695
36163
1995779
267277
322
587390
1405933
2261627
1727005
1637966
3502211
29503
1200290
29501
