4095097
115747
288608
1537464
760725
1589431
44932
78156
18343
552107
1953089
2636701
3000891
1396934
1436479
1627125
3495729
365954
1510364
283119
81120
312816
734105
331305
41731
248797
829314
1407366
252149
524271
3334627
86849
303594
1347987
378157
1013355
304380
541121
354377
796835
146667
1006492
910534
455656
2441946
915342
410026
462811
1100033
2104609
32396
1906776
801636
1595121
124014
676465
2759776
584247
826420
1000139
865812
443128
114739
503021
468626
372290
1372341
45895
824587
310638
184457
936982
89312
536805
1142558
458315
433664
265862
1611628
474039
238004
3557623
1152500
2557526
1664355
300293
1324946
694870
747299
1292476
195887
793165
999957
597379
24239
1613199
176203
546889
7244989
360671
478444
355012
3557148
4162102
7275746
818735
4664282
515969
1481070
27707177
414930
1315021
30018
174137
2903665
752101
196292
1752897
2260561
2584188
442900
1309253
1362206
317589
1140092
530382
1684963
720061
474412
582129
2295686
1882552
199827
919158
292639
646553
13842
2221745
651692
514980
871142
515764
4563722
875642
1608940
225123
910904
1866477
315695
406975
3175513
1810729
746734
1645939
913488
4261028
3136225
878693
1133090
6427462
203694
1961097
1291572
906733
1076967
1697766
3972091
5427195
3603585
540027
691699
3329780
1843603
3288664
219720
1057647
413200
766394
898515
1802316
738324
4675821
987951
779087
99049
337448
312197
2070216
28227
251924
595802
1809585
621243
241909
12915
1005813
2199197
67651
327992
267324
47729
5066292
693627
5830138
1792067
1191555
1283445
758344
886708
4868781
1424183
463316
419292
676032
693613
2837355
630722
623929
358117
858362
447138
542796
1296654
2226479
259007
1300278
37912
328139
2056067
288708
1849113
166689
531821
6336083
385807
3049431
1813128
254220
1858014
36584
551731
491906
6570657
757393
91917
210503
238724
40700
1718254
3405446
427622
449790
267107
95388
982999
75146
191798
523496
1230197
194686
268420
1620785
156966
577866
51506
231427
2676416
1929813
746012
38590
347786
240384
520686
254640
50222
2975179
10799
2057669
3738368
225693
1069438
678333
161127
2051317
1230087
1873188
86545
2048160
1247197
858436
3342954
171127
1798758
196757
1300566
268832
298314
464288
905623
11706
262967
158320
286319
1896444
958908
509165
669141
257642
1430258
1452364
735346
1757079
1055264
46086
1328404
591308
161867
575014
77957
3018603
1747200
432151
2533394
153232
1925869
247378
1156155
2705346
436999
507156
1894732
198612
769460
1377075
71159
1891233
814956
1660040
295936
112628
345254
1201067
1491766
264728
2228852
572220
5827724
1148651
1499782
241510
346552
209665
1232770
228703
626104
465406
847556
2274467
1804901
211798
13818
30861
1413303
3561855
183391
957684
1072161
252680
236860
1302906
488678
2166091
304950
362950
2495933
618833
2674019
645713
248526
3640
2829243
294385
1515651
350759
320996
69473
4871607
737237
796763
1630379
321100
1081062
610575
126463
1670841
242315
679773
423968
856848
473266
3420757
634523
674027
348759
54285
1105914
1482
1933143
179077
241092
270381
830678
2434161
96199
5018795
616828
1423149
885241
6619675
484299
1321964
2483503
1954330
557835
253988
278833
1000196
951893
75226
427119
371601
1608750
1573505
1106038
1401975
625176
191464
1568871
172178
1536278
901361
488675
408300
2038002
1118935
284881
3343844
124417
8364132
1379460
2079634
1408334
607015
1557782
2353354
1083040
535283
2080799
2809850
85251
83354
398607
3967742
3123863
1149334
2449639
870668
35004
595330
3024659
1917867
2234565
265243
1303722
1738081
24800
2293849
8060
3712558
1120077
69303
395078
1332854
572014
455209
2132929
603141
733021
253668
95952
1240632
853696
1511359
600274
466175
2839114
604578
29334
167617
528847
346335
510166
94831
1386102
640379
1095598
45310
1428473
1129403
57788
37198
1076414
1547144
1698797
2525725
571240
3421305
396496
1228891
830167
1408344
1173529
735545
74801
2511831
859711
294542
302353
1205287
223821
2807912
2254186
298216
792303
71323
680116
281749
499669
598705
208887
191150
212916
2135510
1433145
539806
511280
62898
282786
723054
590751
1167245
4086667
610638
1152710
1141881
296134
2222390
1017963
255120
11155
851014
42259
1900077
1719128
3521199
510791
980378
804951
284674
716806
11978
55917
804098
2178342
323129
1946061
203988
387296
796318
774026
1307489
1259818
2078571
1390790
903987
1189548
163973
229739
599225
1045194
1053779
4378685
267165
386561
1680053
1750702
122323
740855
222444
221513
4102977
160357
1413801
1071320
998102
497560
621094
418600
559445
3420901
91722
618335
27400
486464
38246
778286
956721
985951
1374603
321830
297327
1943641
1104752
3742617
973685
387167
426926
2612986
1401215
245588
729744
2638740
376506
1224694
1919233
1133975
807311
1153325
61757
705784
1578150
758128
394866
449594
443143
737620
3285976
9206
2081848
1641211
1462193
162265
4635285
4148593
1548310
2509039
1537693
1010189
559282
1655030
1065990
1270693
967576
410329
3484816
1355161
879699
206907
2808116
263393
564331
603195
3013019
136838
17985
985110
1260430
137722
366176
1858783
273959
617034
1123104
293286
794960
780908
572919
2877778
2470171
5967874
1934431
824650
762956
4210308
118617
24357794
70386
2373804
1107957
1884460
1207761
3285237
841697
2363029
411457
677892
477808
669370
980350
1391251
642879
1355521
1506786
2526222
19027
485436
1236093
541063
1320397
3185237
46170
503878
337137
2010273
630640
2862999
188285
1577184
1090839
23690
229445
532145
301736
50026
363696
1398272
254278
56578
13410
9266
659642
520050
225134
290453
199316
1997220
457125
2575002
981701
123506
35967
296745
101633
2430473
2030835
670888
1402253
1163312
1273438
381931
339027
103747
1894907
356250
2264557
271386
1618840
639937
1211107
99551
3669864
290896
27189
1098963
2397
57192
2894103
869007
822766
1139708
2201659
3426441
135708
653227
2603950
582551
401771
283763
442743
287649
2112059
2983313
222125
1472216
997954
332437
756789
881355
2321018
635776
138345
1106433
516404
110604
546794
75232
942911
1206065
12240479
544175
1244779
2421650
1318769
1257712
3931413
263611
3852428
74813
159535
611852
2501958
2139463
1172502
173666
753557
739061
81901
224538
172907
207419
225207
611045
878435
314023
277460
1653900
311707
825625
2726523
1940708
864949
158963
105006
786958
991598
1965532
1158255
3272278
130273
635870
957314
347333
2659910
772915
4130136
628767
239346
178365
206068
562271
409806
1298528
742216
36216
905637
83128
563284
7812116
151021
616117
6775
3820074
177957
253862
1561350
1206067
352166
123581
50767
1467570
81355
79226
123655
763949
265551
980444
234552
2957956
659780
289541
367789
149769
2502313
1707122
4644493
1462120
2058250
1552331
256295
8205
1933915
530038
99700
1183193
4167488
452144
115361
1027599
657191
2645526
2931014
256545
150097
206251
66042
1094468
677266
1303074
2030552
1036206
430571
1824458
1235584
1179934
3293693
1013034
713084
489140
670472
1591832
1934280
36947
437856
5815519
334492
15832
427723
858166
1718434
879033
234342
533556
1358843
807622
302131
2433134
175007
317326
1867036
1386864
1330537
130682
760645
246267
2280847
1450557
409961
264913
469745
551151
1308174
1110422
1121719
379249
207865
1906110
1579888
563447
1207845
816140
1007263
3395366
91044
1352542
2390205
225653
764008
623212
101978
285994
681484
502080
5626566
16244
536263
2022079
595110
721789
707896
1026357
345861
402274
1912084
279770
1529863
3006268
420406
834916
3343287
520275
5392580
1050254
421688
1477892
874432
190305
69746
229270
1015592
169408
839532
66554
556025
382804
5811155
3282377
472397
3348205
171839
3098813
2752487
3365994
396640
457669
467178
1183087
3661314
755727
3524206
255247
167930
1122821
520482
29651
4066590
3857086
118258
352445
725205
616605
337569
1125950
1076903
6636131
1050362
210935
564670
363545
362
1149461
391201
1590891
684206
1651171
316989
472827
3090102
16135
2213605
788472
2149757
3658815
849613
535335
1787430
722362
1168095
126604
1120570
529040
2778896
684208
140132
54289
1415298
468677
221821
1884635
1838598
98969
1034284
285550
315261
561057
141495
177543
729724
796380
2390738
425253
1050972
26269
144211
670083
566133
834219
79529
576872
1855043
2978995
2843256
98312
2966930
1247855
286996
782116
1898295
362309
803469
1224531
599255
459326
90923
1157782
139659
705967
8874696
2717869
1415805
43011
545553
1994940
989863
490592
2134571
565958
3943650
1236339
754386
65091
715762
1581631
602737
22586
1322251
2393623
110603
1637794
425412
1527511
804023
382630
1830778
1367235
134508
825300
1182851
984195
831764
1013213
717403
353976
3575243
2623175
1731093
2652538
2141785
2161692
2639418
2011554
849025
983088
610151
24292
1885186
928605
578340
456207
5110297
42281
1135503
2230753
990103
4661385
756970
984469
114754
235447
646264
624087
2224538
556423
616268
131656
475742
1233636
2741224
1477811
850962
8722
2343436
763821
2130880
446216
613487
938337
2136899
1224636
3107526
773930
613232
56711
258445
101042
520912
577748
1139300
1902394
1064914
1152947
171410
1044999
174340
570246
303054
173146
123845
1380272
396968
1091536
38065
2518394
3243447
1379193
223645
531988
315389
675436
490703
805626
1455744
4098987
161202
1168294
1012635
434659
1947132
63987
6126672
879236
464325
1245108
112364
916959
761307
844919
3131949
3587664
3994213
1093093
50947
5734503
2784289
1802144
312159
795514
1102127
1872457
282465
1479089
122554
5132653
79283
466578
1337511
198877
1552884
1507253
477327
1717500
1047771
613491
1406351
2563423
757154
3712912
126422
515222
136008
362108
1491186
1983848
1223611
706816
618739
708408
541193
78325
829554
532799
4341457
1405238
70926
738205
1070811
202686
1056114
885206
732572
1311940
410014
1620045
4109521
360400
366844
927506
1330113
607682
1127046
584688
11495
661212
219559
1790819
825668
296798
105304
75762
1699156
718424
497022
105316
274997
460937
911698
666864
1296751
2266523
2161571
2544217
1676136
38932
396176
395363
105209
2247236
1773772
949827
1265849
5310975
183502
813760
2495748
6311566
1563464
122464
1189574
25092
111502
341741
585632
2325500
374318
1686761
3264438
10668
3649876
1402086
3243675
750555
237963
2178085
1166773
99853
2836397
5360564
305728
186184
772943
1953932
659441
1853250
908473
373533
888019
564162
343106
1755279
738254
1113011
444520
879011
156019
405981
1869348
471590
190452
1337250
2030386
1131506
527604
1724324
304652
429798
290035
781127
963518
180496
276908
1272363
129979
552906
1214652
372039
109259
1183642
2042299
2952149
1108533
194803
107945
1203172
156366
1768695
3760138
218114
706071
80150
1162208
956837
439399
167991
569194
1236434
1267369
914793
267349
2798031
576575
227341
843884
995883
318105
1051017
902239
607744
3201211
59145
259607
1181709
557457
2298557
48573
3901867
757930
1155962
1153038
761359
2504998
1247625
808281
286502
2955752
42336
2579321
560119
428631
3439408
1562944
1138001
1153419
882519
3037128
1174595
152213
744470
2680810
80279
2410731
1594638
266905
11225
1095697
712683
1002347
1493841
2693756
114941
7167861
68128
87751
580190
2595046
167707
661478
937853
879305
639510
2407946
551596
503116
546812
1107242
206362
87491
253103
971352
1033326
299076
1352690
135421
2479963
1003329
333625
6099540
205900
625605
1545740
3269581
126973
1789665
250483
2252303
1677848
190186
292238
483263
638677
1002171
1199806
1011970
1453858
820762
2916393
634231
792387
644920
856660
158395
685039
390767
1419550
1528931
991150
649451
985141
3173885
1009479
525653
152677
574037
687539
1529042
910250
525069
876460
299067
90975
5012565
1670961
2198521
821872
2679857
16095
221723
1544386
466217
1071668
1478304
587648
672313
520031
838692
38390
125558
217145
541230
1117044
871628
1347146
341684
1798677
154493
920411
551162
696783
302162
123243
156724
756804
1412156
1172948
3396041
359407
1239116
645067
1083978
169496
748574
58935
30382
56252
2887586
1699231
5157
1245364
456128
636804
119468
1196994
864759
616792
1617946
3332420
1957659
1097511
449030
2193979
776341
844258
147929
910348
37556
2064952
5407491
472552
697577
1023911
524493
849435
57805
3466874
93279
215536
655026
214840
234666
180686
908726
214966
684230
119092
483902
143969
374675
1771684
45829
594025
2355235
618304
18861
1321810
316172
4366098
1339472
301144
1363265
938520
78028
4182966
174916
319177
98432
899702
4095633
8860
59073
4209733
708824
125228
629296
348462
5529
1205628
4827412
835601
959299
738785
663270
3355095
217354
1813245
262991
535395
1033048
705955
1303277
392654
3670
591567
2034345
3633908
481426
832974
167198
70847
382516
995895
263883
959485
289442
944212
954232
337389
999846
1458416
1147123
2483175
2841032
655555
211260
181412
1830864
2403225
42
439827
357102
1307737
37103
9714
240170
54952
2325741
3917
144372
3724707
1976554
475444
1151660
283819
370481
657794
899721
2737
1726490
1294947
697241
2555743
665163
1246848
281463
2895188
1521592
1814510
698090
4471516
282894
794787
822244
92588
660184
696544
481216
2189137
42435
19295
327025
58263
1638986
701122
546116
623189
610636
284995
75454
611584
44619
2174601
1910774
596552
589899
1346332
959121
1041585
9305
93239
7238070
154590
2026142
281207
962236
926233
260750
1148305
1627641
290681
1402650
273881
1079282
613543
1326740
451891
1797070
1232453
5527673
333552
1073259
2397006
1246910
365394
776703
452256
453623
1761013
208656
48878
256708
174037
804287
1516795
790005
3737183
271462
469206
136785
470756
2270876
984271
809385
2301218
2398543
239108
183414
468330
326689
201770
143942
1231813
71858
1106343
98190
4696478
1304196
3054340
249293
706063
2190273
987916
441604
59551
473868
1025443
872826
2427942
581609
1275800
2140946
1086204
468146
185702
446445
837088
504088
612561
152581
204377
1993189
433551
4716728
256399
1557465
372882
1825325
1916557
822227
158079
202148
101782
464606
665913
849929
262449
954791
1019325
91270
1328224
449521
562175
6207
422754
1194334
464978
2277768
274211
841233
564482
1709627
474615
718317
1423795
525212
980909
507433
175065
6590
152597
1973374
1095120
486389
2374102
1845474
656789
1929694
162171
4918404
230704
1670366
311272
305745
179025
1758028
509753
1281025
1311591
1329070
943903
62010
1232152
738718
1842554
574724
1000840
905193
1232361
856271
1396692
2864715
316656
1827132
33204
632490
1669956
173301
792634
302774
1208942
22157
217095
147881
3243088
762732
117085
779334
3162479
593963
1475732
3245651
7887
305430
1794209
1583380
127
702642
1101806
210250
588369
1325313
1539842
35277
1138677
2973971
481396
787877
4996294
1322326
1322584
2477313
3439770
150699
529251
1106325
1913689
876243
772020
225845
1352560
4966960
633237
2397227
363361
15996
381760
1314955
860357
463345
64320
1201631
848253
396452
1428657
185572
424706
261102
1437574
276366
326083
20724
653265
1833509
806466
691853
66516
480920
1664073
611607
1660702
178799
694072
169532
585811
1485121
140586
458743
1265379
183582
201758
1007935
3947983
499065
271987
3244453
310105
980359
45528
39326
1100208
563015
508522
806838
47491
40819
2376310
2397750
1689148
199408
1189167
1483756
1508105
807608
295737
717070
2189066
1843869
652385
308443
260846
503591
3294783
1569632
99931
93036
1025767
1402226
1943677
674145
507956
439432
420344
1683365
3249548
1415509
79774
695648
360685
1427869
1195918
503875
52746
509739
1082561
425470
543968
1180666
1734988
270017
1114648
830437
634043
1369460
118520
3778
4681588
795815
63999
333484
61460
1456240
606394
461065
1382408
784302
286471
146785
729386
753993
1244927
2481862
988933
365229
1290204
1808676
36553
3197751
346702
1161454
190037
1147338
440096
688629
465882
519387
44682
3257073
1429215
520905
514203
1225382
1658941
1206354
140971
612453
1603388
718526
216098
468468
1197649
769592
1602137
1749576
560091
1656303
2068503
98017
215149
279469
830609
151731
217291
273013
3751270
114282
3088346
237622
1408425
104085
546744
71278
8291
2278192
1221255
268575
959359
557544
1156208
425714
16796
2096747
945174
2307012
543667
3250769
2963030
1565702
97809
2514039
529814
1538483
483776
1145097
1527920
705546
660858
278533
65745
845626
2486197
917776
1825844
301355
259466
282776
181145
743487
114645
478487
991074
435158
571809
242729
585547
1729019
2415020
3679332
568943
688581
445679
1578618
161250
1685383
2329522
532998
608627
1252257
2570045
287032
618597
417089
291464
73688
670743
1217701
797427
1610247
1640165
1671045
926263
237793
985101
55898
3573848
970308
196188
2138082
1485053
111304
596431
3738040
1679455
192227
635571
2406063
410832
8320
347508
924380
15672
2496731
723302
102230
1733140
978337
289642
943662
121537
183446
564952
1043753
1878025
1899326
1737167
197805
1255483
5168789
136435
485943
1753896
489034
1178677
232942
211918
1373359
466406
2317101
2016396
260891
2962529
770003
402658
43
1214987
2005889
1156501
249686
1076002
956339
1294790
450238
317458
370280
22529
108393
143812
478945
1479270
1015698
4051244
294969
4090259
661731
1059032
446461
1022357
312813
664462
214594
485038
123688
901878
1151891
3160343
1242263
1319
328375
919314
3719
900092
1310102
252159
2279230
607981
852318
590325
1299376
545664
186369
1850281
843028
2010562
1126632
824461
1858218
2159481
1469335
394937
28497
58656
3914802
128488
334858
560716
2557967
521731
366080
63477
377157
217147
391347
961965
808648
74740
543527
1657606
268391
648151
140101
805920
439992
1195146
51
63248
2491743
239846
2311995
905650
268787
1318428
446937
1048163
5628641
751112
225955
344958
519426
2092320
93746
2125095
422721
724522
19724
1454090
5533993
148890
239187
480074
1148675
3141505
456470
224803
136480
45684
2470146
1458498
419240
84998
286586
1527402
583328
239265
610694
1121873
58777
180559
1109680
4631528
382811
281149
1085037
1363763
535786
215533
576244
663982
40453
2682687
103161
1462766
199652
49
602016
728681
1386630
3643071
2513958
642083
210234
1588815
468078
1020107
1045599
135543
358405
260794
104896
291373
2333083
72187
685282
17677940
130902
275619
894941
185296
383070
104885
1389214
2247140
292157
337018
374361
135562
18341
1422305
127008
568289
103995
1893034
1666450
653186
934081
1187817
412150
867292
2509742
342742
269148
515538
848010
554784
1202841
2565920
1250513
564758
3308915
725698
2491140
972784
1782784
83812
444079
70992
1910417
185854
1939412
6692915
1017070
2235822
1617312
120143
1094932
445262
645411
473373
2452821
232058
2138473
642159
1483953
1611497
369306
2258008
836528
1768950
2276686
382191
118634
868287
164265
2035331
1208360
127378
401782
283637
445944
287497
98329
154083
198138
123581
50767
1471352
81290
162418
101251
25092
99399
25095
25095
111502
314884
1266809
1432725
723751
172400
1459625
787080
117086
1694290
762798
1192413
427
1435486
779691
147240
243503
20626
28591
393
66078
45103
6469907
1280676
90615
1957836
820402
655608
827778
1226879
236677
632902
2010520
2270573
1533910
439898
1774900
794727
2853209
1790220
1051141
704904
214581
729968
2768552
1040433
4666309
817157
954851
1560783
1748321
5110940
747592
1159524
1932797
849127
983724
2365371
10457728
493765
244455
146979
2108585
1341115
1635900
1643429
49349
837878
594601
182002
3594
1198032
2319785
479323
171079
766104
349795
1155596
847058
1090656
1031473
2201652
1827475
689690
643227
2660300
219126
52333
2032514
19007
2543875
2603325
995077
1134165
1034156
832769
1721869
6238935
1733621
208933
3624341
1464679
5490453
2118363
67069
160896
657636
267317
270166
234532
3312499
508782
3085137
543436
661891
908914
11294
794754
1252068
3638298
591804
428614
2180470
2321298
3792802
690091
240063
194795
397599
115243
1325987
788343
855211
1575789
427268
402764
1044713
1073435
198135
426862
281316
758201
1620603
323147
2231416
86827
2168826
520967
52808
30673
120413
799154
28057
1585694
28058
1506867
