297809
1293890
566923
2620204
316438
1225511
130402
242546
1523025
435093
455080
383438
106949
111997
33071
24509
520433
273001
444746
48357
577690
71428
152657
163241
39
628153
209806
597140
404961
643405
463670
97731
51954
1063866
125184
112977
58634
190514
59619
206400
298
21559
366657
957893
1362546
437303
490048
28340
97466
1116312
374466
196757
805783
7659
35011
7110
109188
109155
153881
38548
40708
68993
18078
202739
267650
163795
887743
20012
9512
39347
595944
292486
419288
292480
1005392
157693
86008
53024
29766
125165
13736
58245
9952
32173
83180
32190
49353
65422
161596
82280
106008
391067
1224046
78451
121033
299868
279946
564468
349029
397700
682840
1561776
28549
100411
192588
208419
91707
391814
41496
117474
245171
15836
199351
386019
1066175
136077
170779
28606
130092
142585
103026
218188
47277
888615
259975
713476
782467
730986
604302
607111
93341
19214
201307
735456
717747
151675
1320866
221572
138383
1602131
375660
279592
641581
573438
398979
43638
146947
192931
417050
53409
637609
223513
105732
65611
381252
109149
408024
449075
2930
8627
399466
3056188
1771152
970804
675718
583581
291824
199764
172628
190273
534076
48794
195041
579693
655458
375678
1302099
1808754
700199
1179241
263083
145506
425891
421699
12206
225355
48875
614329
14482
3396124
197895
508636
1736955
823726
100545
595733
330944
467425
916629
1706342
1312503
2355751
784282
1092644
30318
1131145
399726
466526
182839
159884
78869
576515
213398
56181
129345
27962
3800
169557
440980
370313
125059
83848
22483
86527
1587366
1072143
487732
106318
58295
36430
23942
213769
971658
1598509
162269
1588904
493157
68975
1109769
1070407
84246
1163226
807643
305504
937309
202169
350391
377495
80469
171711
238317
574759
922793
520748
68494
1305091
241125
153101
266034
70952
328531
358411
111913
291302
386986
992737
292056
26253
1738975
383508
537611
790281
35050
51613
93602
948458
665312
134943
169322
91856
54451
120413
21921600
428545
214756
181699
409570
176031
59973
92089
1476585
88329
314390
166726
164114
604361
407078
170173
495002
319560
564156
47685
19134
94228
169593
169903
78096
156325
100197
86588
331744
65833
579435
288365
7606
253421
583960
323164
508366
11091
240308
485994
288473
416809
156337
188601
42588
41127
21343
226329
7640
44739
392483
397089
813
203255
242235
552872
1186091
401725
1817238
468829
262436
69890
236395
392087
19431
372811
85741
373588
599802
633995
603762
832795
352719
54727
90628
187931
616763
541564
235446
129507
36353
475122
167929
764442
619721
1135902
86577
280935
718787
718506
302868
449862
815871
2076
509992
100269
767316
122666
361559
113841
1434810
151051
428408
112447
541705
478142
82261
438299
311766
646365
595812
980835
133202
31512
147394
247027
1037406
536612
40865
767516
94813
117799
310999
183323
338922
831667
369888
1339342
211870
748724
872314
46141
37
447689
1426907
50923
1689450
83226
2269409
431103
90559
811925
212532
99616
26
1001612
376783
214393
654073
81064
145440
232227
154457
154049
99207
1
292903
488850
57200
731624
232503
165004
261837
1956790
92083
402943
454419
1419815
1400169
214116
245115
154883
393228
18341
1696883
537569
1240510
83905
245365
685293
62335
39210
565893
13919
1028436
510062
344373
845110
333865
37519
157681
25358
22304
49165
670078
358650
442246
1041175
413642
2872
162120
184777
311198
1122782
632143
20362
1114924
271773
40357
1738216
119217
73009
467821
43
1229432
376117
430114
133529
410937
25711
434518
659185
949
819789
66249
463476
302466
47751
666004
301461
23165
912958
217
825606
1410049
237985
311326
74762
204273
143459
286941
399957
181827
789081
215955
772691
512306
2077834
790771
297902
464429
17545
62059
274313
52881
129198
272156
24508
21225
67766
400025
1435636
51398
753383
339700
915830
4774
156954
2359319
534630
224865
631340
1449
274106
1989
453425
136621
210123
226555
418791
238081
1593252
124606
20106
155922
824161
342385
264994
579519
50043
355924
426693
110071
94483
523680
1113594
68439
81571
141590
431962
403282
90201
2072272
42121
1888796
479473
875348
936443
378546
555111
1229568
485222
114498
456225
18285
311216
177261
80753
473327
522728
215738
122216
66296
104573
34591
308913
229472
902426
162471
88951
365313
66474
863476
889920
1278617
705994
194725
106193
377281
2933
77066
115827
13271
524187
599521
40983
37838
320883
33944
563764
273465
335758
151825
4259241
13141
133767
310176
323754
204403
74763
40579
177199
1381864
1034014
304490
969518
146973
507808
1241500
341477
834523
79947
499131
340456
313708
457586
45
608703
173397
414994
40365
51
27
409656
179360
1088089
175606
234135
1049
178663
737929
372548
135628
240282
101147
510051
892484
496841
1301998
852049
1455842
125888
34094
1100278
1504601
351212
131075
289213
1432331
314364
342675
89403
300
33780
212588
114154
195137
50015
45844
219951
1088757
15533
1512592
98040
193658
1142177
633076
61559
1265015
386174
420266
802272
701656
326076
839286
511575
671296
114209
265150
30761
14380
29320
1050898
320713
532735
306845
350484
1309956
163841
639327
53771
1863608
10706
995461
1131650
479823
33541
1295317
897802
3440
24731
65930
509506
77262
164648
316523
5421
1087333
194325
177519
1602674
97243
257136
117267
158502
72388
65943
23781
549148
583203
1023900
713215
707533
139578
92719
449747
251213
385543
197869
31859
147604
147536
553381
311782
30845
84758
26464
1078194
9769
2170195
311652
735507
185496
150566
202879
467919
2334533
389702
820295
288267
119378
60582
156633
966928
245369
205099
472807
184053
658187
112821
392950
142424
209459
120348
48714
109589
173719
479932
192648
1409061
142455
755685
99110
32064
112555
671126
849034
214219
182566
71580
473882
121165
381153
794418
1001545
375578
74010
743642
222558
791261
549184
676424
224185
452401
2023348
212025
290967
89951
922606
16511
388983
570537
302385
29718
164777
656796
279569
185513
119556
23326
46620
294
2549022
1017899
321852
351892
404353
115682
785108
500596
133638
149642
7534
92352
375570
46487
178757
554350
189501
1116670
1236883
276880
794926
18437
57366
244070
2707
152577
62386
144317
1668705
879823
916152
17244
1195618
706769
357210
1634753
459943
804151
186700
835236
147845
719975
179443
17305
586173
174769
794451
22853
36542
92969
224629
81351
358923
725758
453707
1325994
629401
918399
280417
7343
334507
386246
478905
553950
606599
265224
844216
62905
279114
928543
32570
17942
139031
126492
437704
26504
110405
1689675
425635
543258
262223
19096
455060
192837
97014
296159
268896
193083
362985
381426
863545
1055877
1392359
258392
397519
1172410
9653
833005
203624
100902
5578766
998186
341416
1235806
370164
851370
317300
244533
529397
57334
199726
176298
137741
120949
1400176
246043
1944
89192
7865
76361
104925
5572
14728
59875
103660
695949
786186
401534
460183
274723
287702
148526
5131
443598
106804
128478
74061
157659
376888
339990
594584
363252
63861
27281
631193
778894
60137
693068
122617
15709
306120
32509
695063
24755
121976
46676
874556
500367
113684
271196
37753
884340
523947
26472
920
104379
347204
482538
100585
906417
211434
49868
226226
2063569
49237
2280
248321
65026
811626
303414
1365309
160432
225737
276263
483090
558894
936824
1629262
1671222
411366
101628
419506
2373199
1259851
930370
148184
268412
69043
694943
1127224
1062669
662324
72021
709835
353265
756903
1057981
368997
606120
2
25864
163541
3192142
359459
424892
451873
320681
830254
219372
320109
203137
188923
1066977
92094
13601
817368
607382
176074
22950
154760
179441
188234
2194075
204563
581805
53152
216320
1611240
29607
125898
532845
280260
239964
347331
194595
1585525
174265
189479
673234
160864
125028
186275
88588
618370
227911
167444
56940
145734
73404
68397
392669
176236
780272
900962
1326101
793760
273470
87050
228773
762332
306506
98077
418666
117319
428490
553434
594478
654038
290454
164964
137572
844537
549533
22006
53621
43514
499613
48735
124962
228061
1245214
119775
222266
693433
37665
69267
76020
26873
67370
279335
411902
853889
248129
155387
3943
185768
190153
406059
822210
2252
195203
40970
675772
209689
27022
840814
833585
94759
952678
31325
198817
110332
48465
44043
596644
133039
586081
963173
365125
1333533
21581
81985
48064
467890
155567
301071
179210
26486
151558
242031
877007
940920
803465
203637
177221
307206
897697
325982
1175782
937549
247057
447215
1006
105846
659674
68911
925350
490863
17747
1485928
307179
992638
632198
286368
739203
292652
26647
44748
114749
235707
307617
1164736
6168
3554766
61779
659182
202781
667152
28303
150979
770297
710604
264540
111080
2100695
84093
288993
243962
57790
107418
460707
351298
1488794
1536388
803128
54174
1557
12767
67532
105430
304
574215
332250
327245
393677
1067173
512017
197551
498217
91352
65686
373020
906743
1391636
218001
312193
995407
211925
1173675
229918
1036800
851436
789271
1281724
47194
952145
508707
347611
63757
543424
1443040
2581
1172373
702398
224903
290096
278655
252482
25156
563030
191603
398500
214982
430938
244350
83525
687045
424646
463971
1136025
180451
130022
1140806
970589
33467
663520
434294
255325
33696
914483
59310
582052
207617
375014
497484
1776043
94504
16640
132046
1830259
202138
1032802
50837
181772
535649
1510000
84146
370850
542044
7418
589086
159556
1251371
140905
32493
208166
160154
1326078
1752396
245392
1274887
435192
197845
335903
624810
564858
891977
97096
491765
528083
70321
35747
581416
2611186
1158736
921917
620737
12777
445905
40183
2321259
49933
533660
72212
66878
167652
79589
16691
207220
187353
747129
548598
150506
136410
145047
275406
2169522
1252509
245947
436560
843812
797088
481809
1279296
4701
170664
410828
76619
205742
200711
217396
50415
320829
307195
191743
336732
149356
272619
97050
16003
7836
294867
177766
229956
724331
262951
103872
76676
738945
578275
292971
958658
739695
316213
82376
246257
1579228
403022
438790
337323
24793
891099
46544
20556
173848
945344
625387
48904
76892
204938
323838
56837
80159
172743
330621
638964
304
14872
325847
538740
513323
230765
34298
163210
134320
161175
97876
329957
260961
1547050
169926
791974
680603
393010
46272
595096
230762
1426294
537374
861182
196151
142694
299772
727012
120258
118345
1221694
1161670
214498
330455
2031152
60380
174726
982922
1058977
2292
584338
56772
1275492
30981
1070779
1331946
195007
13692
1391815
45
738213
580475
63153
518189
1466157
46236
91959
464902
1045005
203015
499856
53759
22511
354682
112852
268092
753811
1617426
412480
933782
182810
359469
22559
523442
967700
162406
239581
823444
637586
2227035
222408
68834
37120
1753836
74903
204232
464281
208843
35087
708059
839829
447385
1088971
133138
177216
2182
196189
452153
1105950
1574291
409028
1632075
536933
5519
2345262
73570
857874
530158
472337
894698
709619
982333
209606
355336
47243
461550
248474
1006993
829193
995576
725535
232459
284144
1325544
638550
37533
67952
252368
136191
587041
991301
297972
347497
245235
1310936
853850
187039
365550
75257
661969
26331
696980
34891
1084137
617899
447958
852527
165269
155879
1317591
1323961
238135
119119
311178
209661
112287
2577979
637060
1190097
56087
218456
1778408
155927
77339
464693
726828
85114
245236
1165203
645207
198330
768028
238901
440624
461371
404412
355692
130427
1408361
496652
661961
3252286
271967
579945
38023
17506
1111183
563511
241721
234518
642816
428005
453642
181016
1041254
358748
1
279449
72850
230120
30132
247086
177800
22743
327639
1614
65611
81836
682522
1076258
162603
492431
115910
43140
1131878
208180
286112
921
115229
295344
559395
356308
362186
1027957
188299
1645819
363296
2027145
239131
20442
922188
939846
1183074
14609
874529
83600
345943
381028
1166839
1469283
502280
163954
312136
352718
105553
571815
484526
534412
1192649
330906
326888
530333
1780040
1420742
118224
257855
96258
2569293
1775138
175007
184709
130182
232484
702678
374295
1002795
160434
228267
606340
1100294
660945
86750
92906
279650
365313
38453
112106
222885
1939048
769614
26328
679977
299
74874
408909
2139296
226774
1374113
371012
43714
142509
506975
446168
209580
662769
126042
1256549
949248
77259
1631160
97900
79351
1158652
48816
511636
349386
342245
168614
68376
271495
767778
732258
1243325
51859
1908581
88308
347873
486226
103864
86514
270682
805175
96291
634482
597168
178702
303148
159595
48159
22299
133712
1169949
892610
265632
655745
37556
117878
36123
102419
281867
112451
739228
458073
9473
97403
993385
42728
20029724
112791
309435
583969
112618
1351534
61229
436980
714918
943466
146430
529327
587016
15
51163
404900
26215
302336
1545237
343795
60490
1390138
46902
261017
207415
229817
23430
187766
1065864
325541
228009
201856
817058
392525
876006
494470
487453
1740668
449068
125891
25803
2337480
2220
57657
130019
108022
266521
253793
199211
529614
72562
923900
303424
335707
6327
28924
24621
32750
588427
64711
218741
1052099
129854
323325
374470
327251
965783
1351949
493592
521191
225867
49297
2387747
741794
42312
288101
105658
40785
1264681
83376
69633
152346
658508
13164
705999
1179348
330447
159602
32284
457600
1150917
111893
997564
940904
108065
491232
1470021
6861
18203
4785
125638
117988
40893
1239834
329181
64536
39231
140079
370033
1643247
5493
1537735
282623
221629
71571
17998
100505
208499
524596
554457
455418
356624
26662
471667
206223
1014154
239272
335249
48482
78269
20708
119128
237684
173108
69893
146688
508266
550107
1620087
466899
101535
310435
549514
471968
1121413
135682
951804
86223
59126
3495
371169
720
50150
484940
635717
799662
388382
790450
823761
1256247
190821
575175
250891
407843
458495
457210
510857
1354466
1033968
659109
59050
78057
1494630
1180352
152423
185645
341430
351377
41465
451086
450363
1022562
247976
40714
62759
15
113334
255908
615994
760943
268315
400161
941831
49066
17879
378555
6998
507407
2822
409063
909458
140380
31935
28793
227983
1543847
395999
365586
131970
24913
1631447
331674
295031
462699
83689
236102
489903
363689
755268
67487
145136
278968
469940
371636
163067
181107
1041977
1022134
100417
138402
288970
137545
223715
752547
645888
280504
5408
675008
36690
42814
162990
1484952
21705
7290
991984
136892
47221
302132
648179
191604
235350
290047
350096
1268967
541730
818845
168670
3276
263525
110519
3280
322060
395372
137007
381302
445255
5399
97171
271693
154919
24223
171155
25241
77553
2372978
1886863
11211098
275772
1161290
145305
360190
637319
572943
284729
247828
1451299
333261
354510
761380
74640
377256
1177519
1158342
107472
355120
952759
351890
453731
146676
311
282548
184426
1622366
424060
195539
295892
363520
1901764
103218
740019
1142547
790623
251219
199195
20932
279061
278088
127384
55488
21260
193545
174471
143680
727324
40939
163910
128188
61504
156323
292629
125784
254616
106750
34572
112266
283513
308106
146925
15607
118078
13273
237060
75682
914928
565005
1439289
314077
187821
194889
1145290
133990
180925
195981
342109
47399
1920866
17241
88651
422062
498685
85914
110434
823628
594069
1067
1145676
315713
803213
362924
145265
1404178
65326
404390
634027
325353
103262
57963
180728
702987
478698
152614
2605
95615
119621
140189
43341
24816
94200
237856
54308
321
897631
13780
16902
71643
121805
171860
68889
9920
16129
487648
233320
20327
37746
82465
1066
3958
916952
446110
360978
463687
155018
92553
1134389
281291
95937
100780
322802
155269
71356
369055
7543
119313
834541
74543
877474
7951
41711
78778
159209
38633
357196
127901
290625
146986
7334
360894
225069
17433
362861
40984
113574
190676
179651
225944
222344
97378
104919
276675
380956
106726
94085
180226
457327
196139
719386
395015
166819
89187
207917
119487
55949
315411
285425
47391
284930
567913
46226
457560
190276
248945
2045
499975
153084
289147
42394
512136
188608
39297
257799
2029
104148
415542
30640
680776
68372
196252
204588
2024
6179376
276243
145759
96853
163514
150483
2578
86707
3458
49260
139199
314416
471209
114739
384493
58049
321742
208622
216058
1436
238911
610151
849945
104454
35388
78422
52210
1613007
144341
170210
18213
14329
109776
442107
609012
326883
551287
353541
559927
141558
346768
19798
4720
790897
88438
51658
2207
518601
1309738
497366
151377
391557
331785
87471
66379
11586
380673
282485
418635
1085315
124442
215349
972197
304090
119566
156336
59478
113081
616570
173185
327482
180069
132949
383597
14042
42900
996701
154206
217241
481677
698618
429469
233404
42179
21886
157012
295282
536271
986686
185514
136289
1547636
109528
901
1132069
546512
168681
118977
344310
27301
39703
726494
99722
158846
243929
29458
211459
21037
13774
346497
734586
305991
273916
170019
198379
283281
206676
700744
602845
346901
835240
370449
218185
271285
147373
601450
148399
225250
61480
8524
665537
10237
309711
1346013
126797
206628
824881
122715
1214422
172763
350789
852200
249839
348774
232960
51981
322312
89670
135003
44435
28
168403
36402
81993
296
80783
62977
158831
1099625
99399
74236
160104
190918
350418
289
66056
448019
302522
263730
504218
347801
138616
296984
114899
666761
576591
80139
361398
434341
277460
64848
356175
708977
2450028
718755
112273
2638396
85699
132650
26603
805158
699728
282880
319017
28
156425
145566
822406
90926
716481
36
84336
357943
55916
317909
94911
31968
74933
144063
684023
3475
274608
188733
1053045
168071
21865
6354438
8808
269364
169040
154355
1109549
690133
467781
463855
397763
850843
24008
54331
158740
686346
1288269
206141
247280
479451
1380930
696639
538695
62552
117266
164801
667485
1321378
720250
405214
510108
252136
17204
171774
246837
48640
65057
129935
1543782
633729
148753
1511317
290850
521622
390732
215434
1249090
264517
91854
245297
1682240
182263
819355
61903
553676
770405
127001
58490
75879
33667
644645
2139955
257026
2154749
2365847
361336
703363
138673
816225
393119
612946
91268
35909
5419
18039
489417
86260
116856
462722
6148
122754
231868
40666
578593
607019
27939
1135817
116195
768961
32
781044
434642
56316
9046
951762
885732
232090
383130
680352
181066
1935906
691534
303876
503283
632574
137454
187855
71470
82114
275540
3166102
80999
380511
977348
283620
102047
805298
205421
779092
242640
1456
19924
73
214351
25385
152123
50180
57135
239095
544630
127525
221523
300
67858
52193
130133
24698
442173
293181
12495
764721
244127
229883
8320
265576
134525
80647
177095
27355
421345
340950
84642
27434
1
1
583763
43325
27160
301746
83331
173924
172861
15124
105722
42686
17375
497361
9629
688655
51546
440683
1179718
218176
24430
165386
29225
179439
58423
70841
55910
20752
340322
153107
260321
184700
41523
57732
23089
63987
9891
169530
59803
258995
61805
218594
332813
946830
52401
28986
228972
830197
174411
1002350
328980
23380
118938
2781
122427
501486
119309
18890
55758
295
58378
186093
41144
133091
371543
778211
76656
111767
11403
508593
164925
19338
190654
601086
26243
19325
298546
150624
266779
243371
733604
14299
383579
9399
164960
560423
83573
3653113
88491
659271
1486794
2590155
625031
936362
169569
69212
565039
490511
310478
326602
64304
147729
293556
667888
370151
103878
59333
657728
484614
69941
609641
190649
92492
180210
28
911078
323428
730797
333
203235
434750
36519
1030441
245201
384964
93766
340988
201186
121094
6313
197775
6885
85890
167949
103324
196264
596980
49997
23788
353056
255850
7654
563191
616161
4630
372731
987
59563
182367
91938
23319
54790
120279
98460
227941
34130
227169
129995
14046
165976
312267
199316
19579
26106
376967
358090
645956
1884
402577
6224
123585
20399
114370
93798
34263
149586
24537
824104
405680
2739
168634
113290
107995
57353
213590
9579
64066
165503
33796
49823
128789
569063
60916
71780
166974
114758
23070
126628
120550
465008
30021
110841
318183
167511
73471
134407
257575
184955
40015
117225
659211
1463939
1902018
708655
400009
606748
455652
797324
31488
8360
253330
53348
1725925
217209
266336
80940
1324575
28251
344441
114204
1308670
1612121
71517
316731
691378
468060
39128
44
292685
463943
22370
1359107
532273
107429
1028340
90997
369706
210425
13997
1412818
213726
1139895
203737
307436
336524
158312
555926
230719
1833783
427873
123140
66288
138513
1007572
158198
987268
806215
1033073
290011
271877
348300
596328
78404
7345
199440
202820
113461
1199280
297177
147132
418828
289153
910821
31262
381253
824969
518431
571926
243492
63238
991934
74618
490218
627700
197736
224394
84437
28427
38280
434668
5362
378261
683002
100015
1492509
1116201
162013
536678
40829
763996
59155
485739
1231525
315981
1268248
89516
123456
14967
84230
1377935
497860
414011
53007
332950
901758
170667
168853
1757594
144550
806991
827357
24369
155402
114361
1117820
815560
807235
1005267
686202
264567
944546
147060
1139943
291531
1324899
101655
305493
474375
311437
96378
398496
106494
55566
70114
43247
1031290
155266
834598
170846
187976
2479
275058
1376475
2199912
512387
1529666
75175
37367
205404
57488
527682
446194
33268
43
1503382
77846
283713
700963
611307
404774
59827
45273
776228
568117
237725
65347
813354
1269174
438399
778916
83985
578568
482937
229596
461283
1186657
195682
2502485
509667
327266
245513
2074506
982722
467249
152673
257897
105531
68902
32437
302828
47612
598424
164238
827053
190309
483247
7107
270964
220637
552737
190900
124358
594662
6448
66890
195425
75782
1177671
798397
496922
761128
225953
135503
364884
762599
177288
694792
42168
255418
157449
42176
827574
349104
278370
580050
310133
407533
1101036
106887
124641
401499
41932
206245
1590271
11264
54462
266579
239553
3202
1949151
322889
406368
37519
639730
471625
783138
2197564
275198
1501304
756670
114571
336102
161897
454922
933850
1271233
139466
388287
152931
439286
13368
153253
598156
21978
62306
404794
936748
1812388
265963
3680
98649
43921
161131
36
94600
303
579612
529115
360880
3370
91707
131743
462619
74241
1095674
97567
500759
12593
946657
89
187635
312
458500
425605
111215
307817
1190959
2748231
902676
1618716
986028
123425
1523144
399413
46941
503624
127643
369876
347553
670536
734651
181832
720488
244909
163941
733296
142917
93289
1895717
216748
696294
677352
242807
2829667
254844
443373
200189
364360
391232
907128
812487
450945
314147
685108
1573931
878166
543629
1577021
352097
75489
186487
611652
295131
171558
899514
157710
313727
107318
177937
1208520
217626
391025
12091
1263982
72804
1079796
1787013
478670
35424
489823
180521
125074
767825
570730
385367
860399
1010196
1386325
210084
564597
123724
694914
724271
23491
240730
68517
23933
165370
1813044
423255
199732
56743
499557
396883
26
975646
95493
1396269
296301
255725
367608
107576
822591
493767
410210
484310
259817
280028
100815
911252
119140
327411
61092
74117
246630
168728
26678
430429
123863
87065
116026
1109650
246420
244738
853137
63907
388978
239824
773161
111138
512897
435129
258041
112543
27980
801524
1084824
318675
299878
31598
1536084
359983
168071
67459
1007383
310
176116
160493
183130
338674
504520
250541
209441
60221
584116
207546
256176
439570
202256
105131
718867
145566
647919
447890
868662
335592
504407
345064
449224
104773
1081024
728357
692515
26998
334651
1700386
261736
383895
435011
10236
43660
40908
455881
2279669
132078
1242923
437831
386218
1227843
70448
476044
437149
458953
1164618
545284
190833
30403
145649
401263
1254237
71109
991475
181021
154751
37933
1166559
392943
4483
312865
28
1051846
97205
846868
512424
328510
117052
15529
550338
502221
931209
164624
362454
199871
69080
981425
330280
271575
1299703
26259
301205
85162
123824
19523
20464
242252
181160
632151
996460
297004
139748
1456936
463969
417340
1145289
55890
27
56341
470622
146984
2
74729
378845
424691
262407
455173
662547
837010
1006543
447083
856646
62734
1102319
266745
265559
145825
123602
61679
151551
2845329
583259
962793
889522
146714
12622
288460
297724
107163
181716
1717999
45020
24214
353768
65
178705
18940
75199
164853
181659
357730
163804
37971
710661
16443
199793
25607
22560
86285
259790
1
1908732
2656123
385940
235048
877546
51537
444093
78558
322177
1542112
116364
2309435
1014620
105497
122403
755836
6133
112456
470808
71149
253492
48
985628
55974
109036
209684
53456
932749
559914
705426
34961
16560
284923
46188
22727
454298
27822
542217
54799
84786
15306
155270
285766
56861
1355371
41534
5419
210644
25529
564214
2434919
870649
53030
51520
86928
559924
500608
171805
257407
129238
26424
238520
290205
120395
408881
674930
1193046
182850
635539
166165
106743
573410
166594
3210235
103108
57657
904198
600019
44379
245949
719887
471682
95705
80006
1625266
369141
1136850
613654
141046
358131
287076
801023
401190
1512
270498
178479
270678
146145
212325
56340
72842
110250
164288
344992
116050
425818
84811
1122676
29154
972567
409631
52163
49937
301507
129963
107771
120150
71541
967566
951000
34875
584535
375743
164889
171290
293986
270823
120366
30368
1178
1550100
342941
1415261
395763
210964
62089
253238
330816
293412
68731
337656
774752
12397
312700
77873
867921
1160807
22448
1319872
1035403
850117
50151
84263
1551085
109273
589288
416123
168094
103930
212431
173646
175680
2709740
2044931
111670
13640
207549
30999
217385
117060
56130
183469
30313
8369
312
26186
71772
55984
71685
501045
954495
100118
11529
95797
179123
39407
677
110462
36215
123073
84442
38296
85368
73299
87964
311
39023
109605
39778
308
76181
128712
14911
68027
39370
223110
95596
431840
339209
64534
126128
126363
92078
416280
252815
192942
97893
87074
106248
79659
30936
52942
70321
94946
31974
113853
413261
235573
1919405
695137
188902
180408
114810
124547
390462
1630581
228060
160244
342501
316660
342420
789
705990
536572
186563
7228
458750
640900
520320
339266
607104
195440
81984
139664
650633
612528
200544
4026
77622
167750
652586
212964
77828
451083
42690
929674
752919
803360
166190
7302
126696
89304
373124
539817
196616
44861
125097
204306
1159859
736509
494942
83766
39965
378781
922041
139263
190135
371085
102675
1240365
220420
48680
4585
19578
249873
72790
56214
71904
691607
244129
1110967
689275
194276
757109
693010
489302
193773
42832
51040
554788
407474
473339
1002107
59158
435979
575977
82046
579777
156460
36582
33773
107426
170133
46898
1057319
93356
63136
10134
1037491
52998
1033050
933132
8189
839965
2381677
210469
194423
1293960
4122
393005
366
481516
8624
99266
666134
683553
278767
659782
171037
654021
1301156
497706
585082
240161
513195
63655
96281
273629
341728
425313
59091
77976
165358
618738
511039
2222823
67320
137198
52247
261988
309002
9727
196691
481869
129228
383936
658255
88854
1018795
329461
93356
1396013
1170745
71693
198052
23907
1056516
194183
314340
88105
463035
1289005
22344
389391
1299232
223439
298370
202914
366678
175844
651542
970749
23898
434356
113344
111696
151974
287400
198382
49346
56361
179422
349989
221914
331337
312291
7916
65108
225190
72302
7276
23607
172134
200539
6310
57438
67538
214010
487311
119987
146
30990
100735
209634
351348
379827
88234
72662
82011
764198
856544
1326351
950833
626530
20013
222318
109480
84999
417240
59367
100667
292246
392889
480512
333305
335507
53178
402371
432463
362148
875948
355
1659810
557512
36900
117383
663963
469617
539472
346015
1044515
3304987
479977
133138
286700
234782
363747
210459
512556
281082
120435
801252
1506980
415426
516158
242962
2198424
524927
517113
391469
63281
691437
50947
70784
243401
367583
166864
569283
100940
194794
117011
1109709
273508
510527
418402
253727
390756
587289
626771
504003
2603603
3905439
1182839
479275
180266
486016
53522
195602
662551
798441
842278
329268
351953
1370002
16580
397412
1100655
956476
354826
119028
478371
502390
73854
454189
2177273
149870
428679
512100
139888
159578
150439
8045
185576
724576
544364
304630
350261
49
661938
170415
191467
590537
200844
236206
266001
1527014
64737
1007363
2377084
244507
611069
27
373806
202251
331884
603501
977910
239966
387490
441074
794588
1123279
584526
1169012
563895
201352
668758
30317
530036
8114
277598
222411
216225
1
407647
137731
398336
426910
286371
615790
783464
211580
362453
8991
115566
179406
122598
827179
172585
858206
906014
175554
42
652242
313
95958
490593
225114
265385
551691
7564
302064
20874
2492867
66595
231830
1295229
1409384
6954
88398
71123
1104497
432141
615205
890481
949720
413215
46180
567840
470666
472204
214521
395606
364569
294397
274729
303081
147224
478482
10637
21810
117211
68385
93256
1046632
858485
279259
359966
131441
2881396
833326
1625174
368171
737425
567210
369875
653892
149501
560260
118734
123571
510229
277566
437
16850
318999
315540
22448
53244
305359
128722
517221
15538
5317
1453200
803851
40765
179766
251032
54460
46651
51978
751720
452473
46324
215709
95172
409337
50683
7921
107282
53681
603101
64027
254156
1717769
186974
71533
907615
1
343439
37739
76968
24768
50805
91401
162447
2384787
340056
942863
314669
685842
173341
727681
284841
154255
219317
631825
114940
219885
411162
302651
301355
141634
260476
114460
67712
687663
1379134
783574
429227
1126558
137629
59397
196714
45824
176185
527470
108324
139003
481464
565325
53109
928113
60495
494966
146679
17786
31857
13731
560206
187478
50123
231776
334578
43976
170972
677867
744164
77947
234924
15046
41286
51592
111651
123789
56324
129382
205536
190592
729967
125955
653857
138018
22907
247936
71055
49560
19802
32875
1111742
868698
399488
313323
842347
172665
316432
1450301
94276
2434485
645144
395096
198683
126579
226411
1388472
561805
933259
1639716
3696247
430286
345160
31434
147470
258193
1443218
2053374
14627
514461
759053
552092
1576049
887196
380358
172975
796889
125469
223131
111269
384468
76734
195601
301594
34888
228065
264788
607247
243497
241966
435755
76118
303338
133398
79696
811215
306804
958281
122449
671308
844269
120859
118589
45898
16054
350147
28
39713
53906
441452
216706
145425
916917
382812
73487
41135
102748
136610
836744
12151
1746276
35940
1045866
346233
495173
498414
114483
2163
159361
4834808
591426
369417
6623
56083
82710
1310916
61817
475139
70977
647367
215830
578122
1430590
680137
225347
406004
1101100
254821
1302493
870835
1689173
627798
156654
711872
13009
17015
1120906
1222582
2139199
91410
130809
162329
458071
285307
71753
717378
349423
11761
71126
652276
906176
361146
610391
1587955
514167
102277
251580
100606
910901
246815
282334
1350254
937645
95306
156149
371759
35544
75403
145679
27
138061
98028
557263
513653
601653
128253
561686
657133
444418
189231
134393
96848
190845
27612
347599
895533
365303
54917
93726
3458
1422241
9844
1083311
285189
153884
59762
286110
615223
841908
147380
270429
1098900
24032
719080
1841306
369925
1319241
145277
154375
1523887
76783
220619
584171
8823
406100
188499
1035059
2710887
6764
1135373
1017023
597269
1059035
312591
406520
1166108
461684
906927
542669
209255
130861
288116
411761
672995
154448
785890
521724
138128
5417
1465806
885130
376472
111266
18344
1134643
627094
802313
72435
409472
69535
385823
443848
537388
1154811
316182
6137
1855543
302722
1609271
273534
533089
625466
76926
248852
1763974
1602214
389410
520979
195254
254773
194294
50424
148241
407467
2283612
602236
163843
808746
389880
6926
332532
559723
332221
917544
72159
120680
119198
45010
87541
1397
1249368
99495
284134
117861
176223
956800
2205627
941241
743224
665980
1739886
248047
1721821
1443427
530093
9466
1296530
1343720
172035
1006426
249863
153827
1032683
466895
152189
81977
329489
1467055
162807
1672067
712579
398141
94599
557705
359717
471138
54692
878902
883863
227234
274156
494721
936341
254300
338911
1277685
142948
766334
8349
64134
208959
289988
179042
458711
205126
281337
121515
430878
298532
120415
910132
706167
171933
362637
305482
5086
1071579
346880
677731
78423
91377
75919
7113
460669
430499
1525
73552
512808
1047211
488426
279288
29038
721530
157196
262992
132771
167202
51577
385953
81643
483500
406258
1163722
304111
232481
13734
545700
536964
724575
1768276
157628
1
596633
354901
1218568
34
408388
188139
104892
470008
1790572
1
572706
164398
577303
201138
271851
280928
772289
50212
334417
135313
728537
29147
267096
596035
34390
141581
1238772
265276
44193
741556
372450
445052
659088
1137379
116337
186564
403371
183906
273975
698603
832361
875317
31150
184890
73023
1185635
318
131503
414303
445885
587752
626474
74310
680498
1812686
34933
1294
50240
294541
125675
47082
137315
902763
526662
301300
149783
249056
1535272
355059
1201037
197470
33952
87596
434993
862521
139014
475241
224926
2661113
29
167414
114187
4086
562532
1156297
31783
882839
740451
4183486
541749
1650395
665435
525581
892036
642623
125305
224599
26044
145548
20965
435829
48306
1332102
143665
181679
1576938
85701
150098
489868
71597
510142
134816
949861
84992
164326
45567
1140680
1666176
416166
53095
181200
847228
279389
256307
785963
356412
1425393
875140
491950
40601
97133
1406554
430537
347198
209496
205615
718782
69564
81625
583808
151903
110894
194899
343261
387793
953017
348724
880930
190389
416856
745904
13023
277049
1185087
428449
263521
241597
290348
464315
360092
741743
2697132
26424
350437
206455
2239542
236909
98631
1568874
247097
1015500
918356
496288
489810
513999
101002
1216277
277587
367187
54696
594329
242442
87040
3140
416654
3125
1097670
468193
107935
311126
156637
430627
508549
1527703
166984
1311220
1320010
467706
1047774
874408
283747
240623
640786
343352
640327
454252
71288
757402
226989
135831
305711
2697079
1748968
284863
130667
893182
62835
141736
639030
528299
738470
123296
1135146
849437
404023
1483692
2881244
492118
528945
629161
1053327
171321
94197
335194
444209
34493
165530
1317372
130343
2694
83278
158065
675533
34568
32
427179
702
304912
286419
659184
199154
799736
397797
976003
26357
62124
7300
179071
194769
116954
61781
305
15939
21367
577712
165925
283821
363923
96453
29049
1848817
358978
840672
505861
84895
326255
58946
571975
727687
433543
101317
823075
1548297
295513
348690
513
154062
370212
714871
150420
217548
472688
27880
152964
640520
413049
1338717
984596
61236
665695
88714
633281
92621
1197317
1130353
2120803
592745
491495
916525
636511
1395053
576364
962531
181701
937549
68859
782429
786354
303217
396284
450341
1081487
208661
425294
294061
147266
346230
213089
1100902
107605
397512
369957
1379840
63648
752055
376023
483869
134077
500620
123632
142628
310
248590
546541
298539
72583
531814
6648
31687
56499
423206
53049
28120
1052556
200960
1095922
569813
446915
360294
492331
65144
559612
78068
480081
309761
147991
577836
496158
222698
367624
558938
168652
277003
550126
600774
289009
247793
6058
4239
693424
39365
1544544
1583677
135248
286274
18016
244993
45465
172717
124868
345313
1057868
55336
307025
359783
65833
192553
335208
416885
176633
294624
68947
779485
103788
161630
110803
419374
4879
133251
36007
193260
117061
252554
251450
214780
330376
385221
36052
94184
538826
92210
1278955
38345
196724
1014928
815111
95519
357546
25917
616706
219454
411193
243359
389715
988447
193514
22241
30818
8579
429308
683659
837472
329449
45593
103835
3024
242915
133904
212792
532990
106306
116351
91480
88682
31323
16957
47874
21161
105820
1591445
240797
167957
145364
54414
10807
21617
111885
1233076
340966
1330556
2433604
256866
40478
40115
94182
611990
1109573
66505
952893
2089583
1032202
385796
1449858
1089858
318421
976130
229959
1035
155972
1192430
154078
271893
130983
895422
1184762
22831
2901178
478740
1945390
827045
811968
485686
525078
936089
440662
200039
131214
646955
416671
399722
115670
265695
182306
289599
115612
1227759
1258449
132286
417223
64728
183015
817577
528555
278528
508347
406300
1242286
27124
80201
712892
13085
494643
389192
88735
354373
1058740
143176
427073
605327
141953
189245
582443
385451
622432
544499
239227
384995
852790
241221
170312
138541
675017
1366790
649914
228099
611495
97157
358435
508247
1430004
139206
423628
91297
2193191
2165166
48341
204323
134105
406965
618408
272230
184209
786471
303
1502845
136414
909843
219380
416663
584024
679001
15
620359
84781
113077
6027
621144
1559492
616008
163660
468478
294513
52645
37576
1746967
362324
507048
655723
156375
485608
156183
2015822
110261
38935
282117
713511
434966
320859
175036
47315
600884
442246
301000
19897
456658
464090
168882
22019
452547
369255
205623
991487
602985
80459
607341
146832
37499
163472
188875
1286856
560909
32584
385007
509468
143030
270874
722299
355375
476805
444629
115381
608181
14453
707978
403675
811560
113212
166694
545977
573529
192069
72456
128448
575073
690310
327985
411101
412452
104326
206047
825538
613426
29
912877
249480
1048386
300608
659156
1139637
1577232
921708
1023141
1578483
412470
284955
131416
729770
406248
50701
220712
592341
314983
201243
675209
209937
11049
11335
328707
58762
226899
285658
248962
308327
1110001
419011
505556
1396869
17694
486829
775950
347772
222737
186199
315366
89324
53675
105716
166657
150326
318352
352155
411576
227388
525235
118041
97982
858320
679638
379254
127031
135463
266725
131124
1532150
511709
365528
180809
460069
220546
257281
1455790
888880
459755
257115
931942
56080
49081
56732
3954
69049
90417
249057
298354
455934
679794
242123
733596
36204
229600
48674
222989
9665
514134
24679
26812
30309
13604
776084
837808
671349
281189
134847
615756
81527
146279
190272
638761
433161
289344
650269
551196
82148
1131561
1489296
205155
205877
512084
2044601
1034464
1350776
404592
82722
702148
696445
179680
374817
295377
8159
245908
68236
3193897
569773
624420
730683
119066
62099
1274867
195858
153862
101060
124553
585109
48035
134706
1035698
119234
14429
23104
399689
467446
675022
530186
887821
226093
4380
2234698
1245929
212191
46341
2594075
698638
417333
67915
59986
999982
2180
280683
1140787
103170
299178
797861
154389
97765
39358
456
9850
953023
867198
30998
693942
27
584525
1175256
179292
71267
167009
469800
1454109
506662
316498
1150188
635885
4646
37092
598079
202796
5443601
443973
37077
4646
250958
694253
139969
1227756
503770
167944
652
50874
315576
729922
235042
258648
24473
106748
197360
20131
46275
178958
9181
44023
7677
1094252
303704
72647
707316
515814
317171
43
129772
175153
590546
205062
301862
175650
53055
584177
127794
95693
377693
104934
62047
340537
132466
163731
257857
215188
306546
55390
99019
141663
355936
372273
194973
380269
107860
77895
69085
5603
355079
9439
1313211
497232
452629
445523
94619
51344
46681
983502
29625
39088
119996
172095
443581
1528595
58
1820974
53291
66383
552273
747733
423309
222239
426653
109800
568156
87917
47189
1133570
372910
562972
711969
12662
238811
688758
314919
929466
650197
1280135
333035
199202
87711
106770
431485
129734
103019
165743
55050
38946
269978
75084
1174220
134
192373
36778
13902
70960
70658
220090
93704
716834
396872
54908
505864
53066
62219
481208
460228
187129
1556247
198560
496754
565188
408236
134436
53619
159934
692915
58103
144672
15417
981105
161381
39082
126940
76796
95811
39429
2102825
937288
363291
646012
36233
1242391
253899
962254
964766
236128
1228735
630984
330766
794324
567241
1052568
465149
63352
414924
81541
527602
576685
913924
85536
217813
10481
9184
370618
1792681
125417
978903
431157
580024
268958
711142
449698
106406
41352
10292
32377
93054
1146598
1607962
1556242
100654
30922
296052
276544
635268
148390
51368
314094
893284
69655
220652
73561
122518
383341
95853
195214
412101
168572
423874
117301
1381130
265
293315
1110072
7052
504482
1075755
811425
293483
250066
245386
16500
414212
414580
364049
270373
220078
37187
498858
20336
80736
81789
1389
928962
166544
556647
319268
1673236
265589
1014574
162694
498306
1218688
2960967
285364
1263764
621372
557280
82338
833490
76807
522850
1014488
294805
192597
77494
272441
33695
2354292
186636
442272
755599
844175
163518
80332
2167866
925608
178363
365129
271336
647014
43123
516
492917
217664
282751
361344
50355
170570
168007
29028
237141
316416
525920
273575
564763
294530
324021
2062376
66816
2638779
470
144875
902494
2177
488949
356271
536664
326579
471657
76973
2049249
562811
50596
18665
538983
72320
206880
177342
1346212
614138
237969
810886
552430
1530923
826647
18427
161346
295432
426554
320938
682161
57693
2032677
223096
145175
154337
157389
688422
248248
3543614
355643
317257
175870
40721
1609768
1172865
864791
48460
2035782
20553
116999
1176923
661500
71175
155699
395659
538425
892792
615
1101280
1989879
916049
1208545
961026
758631
1265585
314854
305616
236033
988208
55928
580397
149631
364684
117400
792058
271437
1181881
1711108
464942
277687
790472
158073
113880
384652
163676
219487
401418
2399200
287338
138441
1307501
131293
81110
1168244
318095
593681
323582
802486
528584
190713
443603
1496606
224239
434140
883225
369278
477559
1469848
643748
25908
512119
32774
39029
951071
457509
210844
1463984
26720
912491
7220
1918434
626568
1278633
288681
283195
703209
748074
490958
251379
66508
510192
88924
245184
445013
141537
2428304
1710921
280350
419068
42314
456321
529266
1590976
67583
430501
72106
196096
1125733
37680
342895
365107
20046
324152
13290
166810
36177
500007
1543868
1092990
354254
717365
368104
2744778
451596
80792
383806
941990
1632573
1001917
99007
193640
180298
252019
92616
1951797
3842310
7391
1471426
611042
184448
45613
258611
243202
19716
16562
159330
1412
133
346791
540357
303020
230491
971081
745004
839042
1035164
232421
1750216
13176
20201
8659
535985
632057
82288
20518
736747
228850
243452
297902
50370
8350
212500
22448
80051
167091
76118
51577
97955
31434
305343
888179
40581
97133
90991
111678
633443
1052302
215839
30819
8577
1116371
1185312
103567
3017
115381
37187
45866
220
171229
2227689
765612
611642
1042713
918352
149580
434068
32
217954
29028
9014
28642
81292
186877
619736
586075
67931
666626
1809684
258515
791770
129516
827606
156342
56281
239595
447138
247193
1520572
34415
257891
769887
339924
126448
9507
196366
2029090
9137
18974
47958
544721
85733
1715153
803566
818977
687988
1921365
670710
373233
43683
128322
873955
706115
2250181
392393
929268
279731
151938
65579
648179
25831
61704
64932
310
298994
61951
385487
115696
63691
712239
987713
118517
306810
1347626
760789
285364
363125
157654
105927
31
106466
176691
164239
376211
182270
890474
169696
509055
179471
106502
177231
93624
316046
211358
17632286
275402
193590
259675
116992
136368
570130
268421
388048
302445
237120
919182
176087
484070
101041
228740
220984
101218
155022
376056
342057
94524
80442
25523
139970
48
379447
311470
1409072
249268
634792
1559394
135408
264891
30479
4751
80964
27771
88708
940349
998504
148025
137551
556228
1564646
4712
141073
441849
111861
313532
183209
52184
1514062
1366023
29832
88970
346731
598961
4226
881667
708308
132693
577786
15793
848933
422055
509280
61171
322325
1097283
682600
483870
984957
1190410
272274
398127
277441
49781
450642
237167
320273
50107
94586
953929
677444
136931
49643
30617
1707901
1678078
25812
4644093
329253
461916
10833
252316
21234
1361175
82345
216996
122489
475222
565346
473656
446501
66110
180049
158148
2223369
148522
445120
483028
54537
99461
415664
32377
3221240
19882
1736235
418774
267087
677645
282673
3518071
117481
106641
424374
53769
190642
590543
1377141
136770
1238264
391
442689
53783
83400
740157
231629
171784
81858
338176
51840
121283
121731
127841
114571
37533
74792
371386
213633
358610
153241
1104027
26120
30996
305742
147987
491203
423261
40796
508724
89951
56170
1411290
1191575
878951
13356
46853
31908
152949
136706
224192
112766
302928
91009
60684
29718
37303
118465
27184
50960
41534
772901
323654
51859
94354
61373
292420
372355
60489
1399550
46920
260681
207477
230612
23423
187796
1065228
483289
201750
271475
170244
196073
162940
1045070
65678
643047
216948
124325
440321
4295
18213
14329
109777
442479
610472
326529
553888
150001
560175
79918
115057
13780
16902
71643
450898
124446
215340
118114
76378
59274
2740
213620
13853
94097
57408
220298
64068
156861
9531
64080
270396
64068
64068
64068
64068
2742
98657
112998
108156
57354
213074
9581
208958
64068
170266
9579
9579
74337
9579
9579
9579
9579
25928
2741
176364
112895
13853
94155
57387
213469
9580
64068
69912
43480
1512
16473
6684
73450
17440
3582
109393
1375
115761
198217
473518
40616
97113
239289
389690
981727
193504
22263
30818
8575
431957
678522
1102169
45559
103112
3034
242956
243359
389636
978793
193475
22266
30818
8577
432820
356000
315921
1162960
45618
103774
3024
243352
389282
1033558
193508
22265
30818
8578
429580
1366883
2973
2525
55758
3010
527880
149765
3017
243515
389356
1067129
193505
22271
30817
8578
429368
1369899
2973
2525
475823
486953
243356
389600
978099
193486
22266
30819
8578
432219
681463
1105695
45565
103898
3017
242985
243480
389367
1173800
22265
39699
1817242
2973
2525
55425
3011
547060
45565
140895
606109
126474
1328
111854
41401
93644
29600
327378
148346
34742
683
118326
228406
139103
53140
69236
105973
257066
24480
204471
63542
18673
236101
189381
164641
1790377
749093
897340
2353304
200869
129928
456226
870801
158494
212978
378617
843534
387940
777767
167265
530342
55199
20271
3258
420189
28655
346129
949549
697783
337100
242723
243065
25478
2018868
777165
166364
626306
516795
2746862
661780
161330
866600
1529596
1288255
73350
805429
504480
64377
16665
1150920
2305587
509462
480823
234676
229487
641959
278479
1469
61049
250582
288657
1872456
20270
28803
28
155000
56252
833072
2324487
496634
1284392
711730
905237
111922
137181
713338
1441721
1215546
36381
134450
20511
579170
194076
190786
9315
9315
9318
9312
9307
9281
9309
2090898
1163763
780195
7237
569242
296854
1935805
480226
393384
696197
37295
4830366
2007397
527483
46509
2157699
531327
193581
239965
1800958
1015787
81403
29569
466745
1943
1176535
719069
23189
139699
312031
80090
1321897
1845025
186392
3460
85982
317546
890232
576923
1216709
1039834
468759
21701
2407851
2245706
2552015
294251
1815890
56970
101200
2821994
1696504
91509
472040
22924
352014
1048266
1057777
1117548
291096
13691
226346
211613
1825653
40665
188603
881329
429032
42
132089
1503071
278673
584649
787568
540223
806844
418593
15
1498343
143
825775
271887
583883
449157
44504
1806630
345167
113806
1347009
1077802
260620
240319
335795
26990
766828
33002
162577
640253
431178
168289
2044172
679762
459161
3464908
54954
1635777
146602
13908
12587
1165090
1180800
273427
1223969
39051
79646
728884
481068
192244
1027507
314556
39
164116
377531
876141
202047
1496873
206538
1474192
159693
658790
652434
367842
138821
1184624
631319
120884
1416440
152346
154610
420810
78523
447870
100132
158266
633724
170545
1346755
979844
336971
431642
848992
642354
887240
555240
148346
34742
683
118326
228406
139103
53140
69236
105973
257066
24480
204471
63542
18673
236101
189381
164641
756575
295237
67961
1368873
101998
2025915
138543
173180
150978
10909
1663509
1979722
1071724
558824
4640
898694
57896
128642
184053
305753
269380
1000387
517552
66545
247827
159683
424985
504007
578874
848660
1345303
288928
854432
270349
222684
122466
47450
145250
122444
203029
764914
202918
553444
1195292
553380
203451
194606
64707
