90921
176285
89087
904471
166839
47497
7379
36543
28365
117134
6244
62225
47230
526
378870
55636
21519
768574
825455
5759
231207
379208
122542
1615131
3462
41321
144778
142609
30824
11999
80704
575624
688377
939287
23386
101105
609273
225569
212146
16853
1274602
681196
520576
964305
772633
503915
844484
16236
6762
21400
169283
33549
1335071
56254
184600
1184882
842105
354956
1006742
47035
19694
186646
504679
203213
6907
239775
1550160
12601
53351
63088
626637
404833
396538
966776
4578
463157
10634
48953
269398
117941
256061
127684
57849
413569
13966
9929
109509
310511
1239
137284
84590
16132
60625
39382
54101
60938
105627
57273
180468
17787
44957
103136
843608
920692
54309
421356
483714
15919
83339
147810
31253
73216
196782
84938
19860
18660
2185761
195763
16162
36944
568450
1444334
374089
183129
198481
1134584
1188088
103848
184865
2745
685902
1320484
92802
264609
247975
32120
239513
261567
41364
391651
19961
645842
670780
3033
37058
772796
65021
33
12993
313497
307007
186133
1313134
133942
533004
942069
281868
218286
456088
1028403
30661
208765
41376
8671
389161
45168
44730
34828
17570
99252
820012
561731
425048
88508
980939
31771
1767055
755130
93704
317524
913845
39781
1250
1164510
696466
34368
699229
262121
556924
887518
378228
312679
217937
45797
1356254
1076363
410277
1782764
80466
951269
990167
133679
2365825
441081
78404
882951
245382
84521
13788
235669
2836543
1066940
259454
559806
1166522
38
2589875
2735988
234839
216629
2199616
73355
88454
405838
24867
723001
767353
734096
196191
7085
372488
1582619
1689081
680270
596399
722685
129591
282686
612074
93044
50749
147932
101311
932972
6662
8363
1436983
149625
415527
569234
93821
525177
886892
327875
307129
111655
141130
886695
174620
1065921
680156
171085
163843
113209
2235499
239686
245627
1413043
138555
1385130
1911623
420988
932963
165086
1513119
209177
860318
630411
8
22526167
725250
841572
188007
165935
221076
1353042
214587
582335
299672
702871
588769
190555
113922
69998
84295
307958
25251
15371
91822
9485
189948
71724
215286
20187
81420
1550395
658025
39964
534904
75638
69059
564961
104834
217800
103075
25571
407545
139493
925121
184019
401071
63186
296602
2133174
167902
68434
291768
402986
62127
353426
42242
1161464
843569
1872624
2107890
362916
21968
167565
121328
93046
9930
1758860
1745940
1690092
408189
254814
533937
897934
360121
1338537
3587
966085
218217
15464
3446347
124378
189072
442330
497870
1061229
55790
471656
628683
1000010
1860
317036
200361
1057501
397163
1636470
139004
824547
145236
135575
470756
247781
662321
452262
853673
157316
3345
123895
297313
315419
229851
113208
203280
90850
1611361
45835
306195
134177
308570
2511241
240479
688761
262694
320631
604296
93672
344842
903617
521262
167452
105178
773808
40792
223144
140752
25164
696224
420052
1943532
1709486
718225
403669
210953
133601
250611
646888
62312
75533
1177582
301405
269183
289380
158578
425697
1676892
260617
383288
795738
149535
11304
473317
700664
42215
37232
932770
139741
1088292
348123
982882
173834
400965
159702
385889
455667
92674
227840
526295
54976
39693
77135
809885
376353
244449
787718
441255
414476
587156
1354927
1147004
709659
886652
87115
945222
467562
419465
1446609
247199
1239297
1197545
12673
804326
389826
635855
32137
127860
316527
516251
268035
112632
703086
1607677
192692
491081
101204
462067
45791
294387
35
59497
36404
716820
180826
433377
233106
445927
408963
426950
228110
25743
6395
1942949
16972
681801
69078
140557
666247
858
1188231
98340
419450
214222
62631
276332
1885341
1252077
221177
200689
70525
498227
26379
361327
141642
246330
93504
1654
43762
650257
812803
131639
392977
51663
1802544
847480
1006504
409885
227376
81485
642798
428346
199271
1103213
351510
288353
286575
10448
434245
317005
605954
321205
225257
428835
108917
367562
711914
51353
118476
70026
119461
162536
1153797
151221
29323
350039
222508
54226
1697611
1106844
137598
170879
97709
787611
13635
1379239
405601
69043
93604
62694
315180
796960
78607
389910
243928
163354
183933
805343
768783
3422229
39345
1024470
11058
81624
1102292
1209324
237883
98785
52502
158136
306
262157
232096
645840
302
191947
25570
289378
301
4100621
303164
435518
46
988381
266283
432123
2112458
1096131
175247
241521
776016
753495
493257
564872
1290022
360442
734810
459745
4230
774634
524174
126781
25183
174609
36399
1220455
425477
167360
28631
771717
86489
338815
41749
63870
247020
26
42094
109270
50621
429629
245996
149599
573044
1832009
91548
84035
139235
191219
652020
23295
457689
225841
360422
1507180
912700
939816
299922
1951220
261467
323784
379792
898765
122221
1426161
1280393
2091603
318825
137749
980213
1874078
402185
1273902
36311
144774
9999
180634
377483
1148244
137618
32636
804715
408029
1694579
626475
99879
70977
157713
944536
343300
248686
716623
436232
1062154
142657
196608
356655
438727
19026
130380
100736
170520
217028
604414
194050
297330
2385957
155449
266645
1670882
217058
45267
194498
520986
230742
167880
57625
280581
1960996
1763493
250252
1918810
210175
10481
433828
1002035
326006
276011
226520
98322
59877
36559
130549
911951
504413
422967
913470
101720
90373
1667457
1828680
110394
105670
413811
330656
18516
857174
334372
2241210
1248797
971863
967666
497985
165788
1453688
76781
342554
410222
205217
45498
93309
99302
445330
100910
1210240
207756
3235097
171408
441507
175378
25304
749900
878886
633066
89430
941710
1407566
366071
165834
1537701
85237
723783
1100143
148535
53439
21814
144939
97735
477536
104084
70035
1135253
434879
935464
171751
1466925
3172385
1874120
1147735
286099
182303
738904
193962
2106209
54030
762053
102926
460619
246572
115855
968655
157360
76198
1179534
405593
1391800
177202
23283
14814
92769
67152
31704
80394
311080
844470
63275
1769275
398881
1141308
124169
1264539
779668
86353
43099
640782
327896
170310
109226
122584
53253
50673
101653
1660733
551878
5503745
692661
207240
336212
697940
1919992
614149
2980
162490
194025
940338
960423
242620
27894
170952
21766
66968
1370486
468974
685618
48
197603
15875
425474
484804
95058
280042
41435
334626
208652
263169
25157
198487
336851
34036
29851
37770
281433
35216
11848
168434
42649
621985
136161
457507
135160
1345260
27655
731499
407582
173311
19645
895737
116900
599825
264377
393455
396782
144780
1094436
403089
8235
42716
133360
231302
442297
163651
32
86708
25696
540273
3386982
627495
34412
108471
264284
278771
149607
369928
337745
380790
878823
166948
617968
367249
132340
31632
1051115
175088
506267
504537
111568
1839902
72393
392218
535839
139158
522742
1169997
859388
709732
925097
597441
51016
112792
1173925
93214
1874272
578730
858994
116587
796943
485364
673145
234754
881286
2279517
1060348
386894
2045592
30422
240228
367443
258200
2126384
1995311
252786
237811
387708
85558
157227
1644461
293471
1734443
150165
677795
588737
219724
1113891
145373
280734
612174
228014
908247
13985
408783
1624126
1811542
279609
84850
674070
733231
7973
695477
1518288
157186
567332
260934
363844
56777
221945
14473
836771
343856
146080
143098
18126
575443
185727
18222
28691
1209930
575125
430540
117498
314959
10572
114517
3273
185495
138535
594031
16682
119582
255878
654787
113341
15156
631233
231824
43752
1896878
248235
31745
199537
255642
74066
277635
119785
576612
364840
415384
59747
569169
607409
2169161
284190
172281
884863
422830
301186
359389
47845
738021
207032
726362
300382
222384
646138
504893
127396
343796
623593
159075
250781
109910
380217
893491
1598087
319058
27427
906951
4533
44183
346855
920118
40338
566670
220335
406416
17036
85067
48125
142768
111167
188801
24843
5752156
211817
648678
581499
655390
252918
1361441
467396
173601
98995
167418
500546
923718
1100089
332938
436980
252590
358719
41041
583686
27056
875111
508979
473608
3725
123016
201442
307391
17485
280634
163095
285976
579572
16677
3392
1001328
56732
794755
161438
144936
100594
262697
160984
1162618
324586
526272
21234
214384
106613
63384
349517
141431
373486
129612
693751
1915286
43665
1285183
1408543
1937794
106560
239667
5417
491218
147320
229657
792319
807713
688163
580558
2067
239676
694436
979937
896476
10511
104581
76620
446870
1272482
27124
184769
330906
1171492
813521
176346
88921
425584
1104127
263592
910434
50174
897653
86108
690030
588813
524758
2153051
208277
876997
636340
292509
7468
1519548
110471
1152143
112667
1579761
463541
1202832
269475
772895
3043070
420848
564407
1619072
189260
978603
138604
1281531
742735
1125095
136968
797522
248593
302572
248679
2059843
711661
1091451
1369839
130546
86864
127174
957938
1020002
1861508
501369
362981
1572159
1182358
177975
97246
84738
373184
1388329
191597
106716
39104
398796
275682
11152
308495
347457
1477
57109
308
128158
274673
109023
184980
21198
112325
50964
49818
543960
63729
48779
79342
383055
272212
127776
589375
186121
529000
39
658528
220529
104211
874909
289193
393907
25051
241470
272321
712277
8825
438466
582975
467611
16746
26868
913569
858209
42181
150781
61567
35668
49032
255659
12247
34107
947
64535
649026
24068
371865
53052
174795
641197
66106
37107
60309
115442
157296
20262
117635
337202
46226
118655
131893
181863
68321
298185
54631
173412
176220
103320
19943
336045
18766
24366
15127
2214
1274
258491
404202
168072
740580
328590
55247
351510
304173
552742
107085
1130734
2127145
799548
201461
336653
914649
290881
130729
32298
22521
154135
124204
950257
253059
1936766
602657
190082
255165
563900
1665804
1699583
93529
28432
941197
249019
745900
202201
617116
172236
857910
158334
250756
40951
1304511
165294
24265
149357
884755
149033
1838897
114557
461927
491470
1639561
75581
1066412
1794817
694138
831878
698599
1598558
27187
534531
78982
489245
604608
135724
392749
630419
103739
1063713
159082
1317712
469317
193038
214955
1064341
180720
376183
1192217
771203
390945
54514
57147
652323
922524
1597388
284784
26030
2100239
618353
590427
64126
688285
618930
2237076
226363
328964
625756
27521
1355226
1698925
132025
423675
7558
949380
491966
554545
482182
963447
181658
642309
769412
5455
390538
92342
609254
1062794
110320
390310
481490
47152
170566
1090364
397410
147836
358515
354845
567540
1314550
179421
293857
255668
28943
276050
39332
573746
24223
358578
382152
891857
36503
387189
1670507
290698
811990
897078
38532
672206
151083
581679
657258
1457222
302339
826971
764412
192685
1965916
364245
139413
1257568
32490
2741886
111120
19755
218424
49257
53
262665
749
490207
351644
124089
158862
7430
2262724
100529
1083149
97529
2227372
128699
1456382
531186
937934
348497
26953
828394
107862
1012214
449417
7993
9501
2505
32353
51785
220666
81381
114287
40587
504136
29077
146398
1574997
1747578
211562
3039971
345937
17646
608435
516287
69318
353771
739018
85162
150997
266301
63015
1049541
2921704
131560
62467
25886
464669
288968
129015
16182
11849
57034
99289
1064470
830764
1548453
212362
179072
207484
55335
90542
77132
310261
130873
186186
197623
143267
596551
865072
1890463
814178
435126
100455
63322
424524
95479
1543255
174429
138805
68403
497716
574878
808945
174357
232829
1046311
1036892
688178
928586
524550
454505
60328
544113
106343
548518
823403
749469
922821
354794
299765
17611
385622
627453
231454
299673
295414
97568
312200
131588
102509
140943
57489
39738
146756
1768
60601
147202
1581062
640462
353929
841797
300383
68349
640872
897174
118844
79752
228140
33050
15791
387627
351349
382634
502437
434115
619245
773438
126437
1047214
190373
1196938
279278
299122
246169
94281
285155
147599
260714
719041
182300
2618232
1759980
656050
16548
1179185
251528
1226832
157865
252880
153555
850749
1113975
49313
85703
74592
181282
662495
204778
253423
8039
33567
44026
40102
82119
754666
39286
98169
20960
95133
201271
20893
274090
254929
38716
279033
437056
600540
21216
126329
62436
1569
16812
161673
231427
63829
20904
48293
127390
20801
256226
35080
70460
233516
14636
15483
524894
325291
98207
1627112
433567
4492
271780
474501
501409
16232
95194
20844
55717
58313
49986
20834
126180
60169
195244
71213
587313
276846
254262
327521
1596
16845
47403
26765
47274
164813
26557
17667
229360
108078
278707
103815
105899
177301
588727
47562
26817
47457
16840
1596
102832
217111
132378
948559
119495
393612
55148
777541
219202
162376
54173
2177532
101109
222659
611755
474376
64753
689859
89236
264776
26018
71632
48230
63609
457660
73801
19524
160427
38261
204807
101347
21778
161546
1089601
150200
76122
384795
99513
94069
157546
434925
231181
262891
505055
144158
416913
314064
1355201
673155
82987
509081
498269
591595
224475
571158
559721
444459
131322
78765
19465
31788
88263
32728
1855748
28952
126840
389562
138396
232464
493084
15194
331951
56459
396644
553602
307741
886684
130934
521949
211437
109497
550337
362551
117010
379021
529283
505826
34953
561825
560304
33723
1324844
491728
642049
129589
519443
291449
309716
42839
21325
166351
170805
522272
230816
862614
2438947
3784
76025
363524
902025
431926
945437
1409766
126507
174429
421531
38545
461735
664944
305590
1334762
91111
354446
521071
543791
3137
67667
61113
27
2432694
59464
188812
225387
120971
267964
55827
566971
239550
114244
128688
202822
279337
277975
1210418
623769
1151845
551234
389162
597831
331463
19091
288160
336700
359617
196093
162138
1184973
649336
4661
423289
287338
693020
54682
725333
580005
840812
76816
106250
62998
632618
244510
17073
336375
2425228
560640
437426
2195
10298
115716
51468
9597
6039
131863
1063985
409194
122481
82030
131108
84502
14195
64587
566
297508
76040
48369
17763
170260
12615
86748
76366
201612
81230
109242
275
41816
303326
69346
318106
307813
134509
106787
357441
4843
394678
22170
46394
23882
719896
507233
91344
13421
455369
1213691
230727
46601
20884
62129
20766
54695
850240
308809
502851
284824
79780
300283
66036
626512
1447479
49044
63650
1373107
559851
237578
1159836
793766
98627
111611
3167517
226731
17308
35638
280557
115223
35811
642622
1177685
213111
90599
354545
7743
162598
173023
1761116
968427
191012
532005
194336
102939
2401
229968
2404
111158
2400
120068
156456
2397
287948
17294
35215
101661
167467
26484
11159
184034
243373
105869
170656
8136
46543
58725
167948
89170
46215
199733
73956
1775592
741354
335661
95643
33141
1289254
295585
12228
130132
11544916
27160
735185
158080
344405
2603477
77111
229720
710482
1295143
374736
8286
1904298
23041
71627
359866
325650
32309
61054
369020
318245
939919
571854
561322
3495304
151613
1115658
478000
1723194
375115
62210
111129
28464
73070
6888
114354
106483
39
177321
207258
58804
15972
105556
684569
183315
108074
82827
280284
22779
136137
628079
294713
1484678
171543
113487
1516986
495098
483816
716483
47792
39431
16795
17570
108648
1042745
246974
319080
234690
858132
344460
928529
175549
671615
155840
1239317
8874
99448
57882
102545
1331738
165234
65604
488177
408855
9603
668177
945279
24300
559860
3317
68775
738011
29040
185620
1365848
434507
15253
59895
34275
97289
10065
51054
428174
327711
257196
7668
326086
57008
165234
10760
238312
13289
45766
157924
37022
223482
8665
14913
92339
702011
175309
298
56625
41258
393253
414756
5240
38049
93374
141200
2359
397774
59018
70293
880956
80920
215866
420367
30142
941573
190184
474256
13789
620135
35968
134833
142529
30193
112027
177007
99065
72301
250559
207709
7304
22321
463177
112216
17781
27443
496854
238569
204044
243358
435379
129007
169136
103271
356708
741689
135483
9863
132916
241504
339681
771347
87629
158728
8263
137329
50996
47803
117616
21942
40978
13179
18436
3947
41113
309976
217215
168621
10446
88479
43744
28249
117195
301749
69898
271452
5622
518679
36110
493392
39803
321397
2633
18444
12828
764330
83293
240721
142913
168083
368412
8169
56175
112553
394775
10236
78872
363540
34598
27172
175590
29620
257671
76317
41814
48660
28283
149542
4506612
3362
906621
571526
41770
325026
12643
5845
364039
4044
104571
244837
231967
1011655
143637
171894
40587
3741
7110
335523
182400
7734
268394
9718
33028
15621
7809
249705
47571
9446
66088
67628
310101
768212
164012
80647
36
251811
414949
576958
580992
227876
10959
53007
938
80538
263570
123581
942855
344
326670
329673
79234
123673
135594
24764
91790
403893
8691
427538
18420
53480
26387
70841
57932
560453
174318
330317
362203
888916
599469
135976
83110
258228
120641
4480
1481
21692
5154
2886
301
388690
44181
104861
17489
675582
192131
351762
29405
186349
46044
61637
75636
207023
67886
20320
447870
60351
133311
294693
217261
393983
48654
958397
1950
51453
225188
142145
341011
137113
63384
112217
121894
406246
14167
472446
153711
12320
78244
653018
529393
1141708
715292
1346136
637705
63396
46931
138253
582692
1638477
655669
18700
592354
432334
209232
170059
256601
391638
1380875
1
11699
108998
333752
39646
703847
457690
66396
49048
295090
12159
402102
361516
2418764
25832
30694
5019
11329
38006
47484
24890
731632
356926
516780
499907
12192
307338
139645
204209
372665
17742
987022
54913
851378
213556
145096
345654
189179
864952
19066
30196
238785
435210
2398
122407
459126
22210
233367
138964
135569
171634
69616
52865
245470
1372859
269760
87050
603383
672844
56775
429062
5671
10421
153029
906117
46434
84488
121681
115708
2037
49701
278608
308007
321466
49046
561259
62593
690
8804
40883
1361251
126933
1129548
27090
241685
18266
143389
437233
454326
426306
52625
295311
209403
997682
1123034
100683
79322
226125
24839
762494
386018
131109
38674
239127
831520
1036052
68292
743711
50563
23395
397158
113564
4102
229820
18701
234460
109522
505567
402822
6462
186720
352433
303908
19391
162804
65191
91196
116036
33468
5679930
32374
149023
387424
182966
1282970
43396
302022
46527
1428762
248659
570583
248936
41479
151730
60134
209799
728335
128354
1237439
24852
1297327
978095
805562
413846
226316
616832
2698595
566844
540311
287
713978
650555
26645
1490549
147129
85505
112469
130755
591637
2750404
87464
939100
343633
935694
677020
88716
468748
291215
791455
187686
90537
346924
912087
2047414
2358027
221010
207604
1352361
363188
575633
585901
397701
52746
46617
466311
1216057
2439121
2729562
176819
80515
1039381
1161618
569510
265321
652259
350466
698159
329747
59108
294133
73699
547021
636891
420866
450689
813929
1002148
2085105
226034
338109
14086
159321
481620
172405
1204963
177120
907085
247447
299469
6883
227064
83575
132240
16218
48067
121923
60802
143571
23784
17232
113589
32821
43151
43388
218752
217194
53257
106261
33487
157762
161430
154563
176422
15976
51144
7165
131787
85451
80973
171984
105233
43910
69785
63832
181046
154750
57029
40242
385938
34733
38998
76465
171126
8795
327626
6928
252176
274911
58000
4881
675949
6943
156309
1
70652
220793
543575
438441
126633
10631
34509
108797
30551
114559
104644
90134
55843
81426
415641
118386
259124
141256
342467
72880
49315
119882
35737
278890
45598
170096
254909
376794
245954
138971
337884
50202
20969
14085
91925
233448
55889
33853
42239
48333
430062
286436
432327
1
1
21018
125062
414211
62759
176030
196328
10146
23519
324301
166227
1021045
154443
23304
23603
494906
54130
278121
82351
28113
16035
637988
95823
134450
167814
369403
71303
304452
41240
140404
1762
52141
37747
196611
35393
71679
207433
13032
105929
98303
40684
60857
28951
36883
583505
36791
43458
223049
474128
235123
44809
22351
409817
330416
352659
20045
1126139
3893365
1285762
259184
1159846
681960
866895
215053
306889
906264
273461
24507
257395
72578
475016
534247
291565
148321
121719
27703
203336
20510
5523
790703
493986
26254
421804
201934
183269
59075
228979
203071
35422
160877
193759
662681
654980
23128
84263
221987
109790
211656
344924
243088
302637
190625
238909
140389
343552
768502
54282
402583
305611
73165
143779
9763
353508
40970
56956
5069
337367
72118
175661
385481
60200
43064
432597
15332
180233
35610
73931
119445
218656
528107
667836
78555
107383
116397
24184
231195
5340
157530
97265
113283
34076
496
15666
170569
1431755
745734
422318
112536
251144
131299
50802
296589
176985
403525
665914
304117
43706
55046
326661
841671
545366
365207
80876
3870
248890
106091
310682
87474
27976
191967
149393
98224
27313
1327839
396689
107279
1644658
14169
402909
2133084
443510
1245459
278545
1352105
1208728
92820
353172
177611
161355
101921
235845
337151
962688
284467
1582392
251798
211820
608807
176987
1661299
122395
1872191
139217
355576
116251
368537
1416368
96887
430697
510759
336962
245587
113267
35233
102808
114824
4867
327296
210263
139812
456820
192610
297921
394104
580164
182403
368980
222911
1124747
1546898
42979
72125
285248
1314165
13744
91022
67442
166715
128508
627031
368102
282093
86719
161727
422846
281200
436929
271537
768615
480283
227585
103149
240603
317957
279214
23445
264717
263486
594502
2020777
1516706
72701
36
146022
77729
47840
55473
43812
39609
607210
647926
506434
7627
87519
735807
1330987
208564
349023
105054
846495
408981
563285
420936
797578
504985
473480
1037542
132995
71059
475040
481418
45300
634208
598444
189914
328365
446908
453718
221612
2490319
1062451
409649
42762
340458
190709
175901
37312
24080
138361
127526
148366
21650
203626
5174
389481
157952
555532
683716
1048795
364438
1001220
1221157
105916
493107
621762
1424005
712895
1295321
903392
39122
396800
798383
242931
68638
141752
557412
351962
132893
89919
903071
239632
1453635
898594
403837
430354
553826
424104
148694
354816
216181
13348
177307
143836
4869
369163
679405
1639646
22897
56673
752214
278264
788278
132686
86425
40758
15360
2136
204398
352998
256418
658678
1622591
1265403
3031563
645757
1057117
62084
496360
103449
761199
1376960
268340
980497
519702
37285
192040
59780
18869
574007
211269
723572
400096
400438
227334
126678
282485
180072
25905
41038
158049
1156476
187776
615423
77023
93940
478713
390959
628532
354714
25122
171028
1176573
213959
200788
214090
250252
312832
632325
89343
2136
15348
46719
128584
191086
117261
65447
193250
1354951
19160
1865201
167789
1391542
2810058
1517799
74798
182404
342174
159192
403115
186905
161756
177443
1781048
185782
68147
315972
1779161
590598
111456
325527
42
256517
1252679
89482
113482
186946
264787
420731
22525
15443
58548
87983
245453
278483
171088
103390
32702
137452
28019
596485
425079
143666
383950
267044
1062996
145846
459997
257732
276881
117419
517085
308193
1145661
1884373
333073
231161
348559
82669
113041
174603
184190
995662
140752
2582187
716969
619452
80622
1495847
485592
571746
103424
607978
48122
300410
63363
752372
82090
714881
754653
680838
447983
37804
246417
1060472
834394
483625
591697
735062
465829
125844
343998
427301
355608
657355
1823493
350235
170690
1406658
876212
325474
688113
453234
458915
764191
145404
377758
1546711
16132
213558
492091
165688
598987
106143
307183
191110
7488
44469
352515
1020801
2891967
550527
472618
3994
522481
1504040
43595
862563
255230
805
449885
258413
304899
69380
518924
482267
8493
496941
367821
201267
374516
39242
1944413
185615
534345
315935
14900
274641
721355
998934
966888
1
1
893168
670479
1459975
30298
1595236
906410
1011072
103849
11531
102705
89194
713530
14737
172005
25138
880591
507572
467275
271067
463436
130347
368213
590030
200176
122077
280426
294
137870
451107
556016
1318
18665
67496
43666
187578
28273
69647
175810
7297
1587
52880
317917
172744
902733
616018
245078
1610835
5999
524478
59179
323437
89799
287500
873946
764170
27209
927464
116109
271422
125705
525989
452028
347156
267199
27908
161836
1409053
4667
460129
48355
204617
627590
8508
650085
1051940
70138
398714
319778
15663
932627
361142
546844
939131
244906
716541
25886
637500
490255
475916
94921
71921
141985
1790523
343999
243649
222503
1852879
1728632
168246
1222483
290090
47389
1175122
162710
208207
140865
768849
280979
50039
403399
689892
184320
1128080
408263
119706
586121
784128
1164893
65998
373913
114484
75288
140282
376042
10842
327033
1506161
870383
209743
481180
29689
168999
2301978
435390
702294
4035887
484155
315073
1480840
97965
165640
774967
83065
135196
210442
254029
373876
762095
139436
442270
44571
412698
97390
1583341
422007
1636353
1151351
67795
859266
977257
857141
30245
296822
439199
2733587
266836
11143
310271
803431
246609
776952
154159
75875
117137
82037
45076
112385
218073
10991
402769
216260
41448
692435
213583
39837
198348
144300
169816
280015
203262
334238
627944
100580
103490
138874
260642
441338
95781
650271
979691
93597
417467
769915
373980
98354
1073202
747447
1250223
519262
585327
207733
636656
759162
1247666
691227
1091371
269074
685513
67787
138647
475686
163889
836058
39846
5
66539
73414
114745
88047
47859
1343335
251490
135088
120564
523136
411659
599038
122402
44487
1239729
634247
218738
380346
861236
33037
1173055
1084602
25667
262907
481402
165704
68566
84233
1228312
60768
46046
40339
181222
77346
67449
198587
576321
2687178
33436
948
64466
71436
185905
220917
357389
317677
1683038
614628
109880
833303
129307
244918
24005
10331
612506
324432
1790864
124504
18701
902175
195877
681899
40948
548139
517844
513355
344020
423630
1085627
123864
60877
257858
539171
431515
309461
16391
12593
202003
203740
838151
104512
124332
3620
127269
297127
769902
1104505
597426
497316
497017
196162
204402
213894
243407
280797
1057793
815918
142322
277346
715633
950180
429740
24867
301559
174510
77452
806181
415378
222391
336364
106103
1551600
166032
27096
16756
628742
89993
74384
561455
664487
648361
529350
113537
3284
204334
3670292
32499
830735
39060
350892
636341
258179
40192
108181
12646
4549
66251
4190
243124
593063
314737
239910
359400
945541
269473
197246
42350
38202
13772
24452
115326
53967
321325
102119
45321
209109
233513
209396
298466
35973
1158866
5702
175730
258969
20625
163965
107518
211640
2173
69581
54084
165836
35843
13384
207570
309194
258946
104149
340052
439808
1527221
178950
308827
82484
578072
195580
819641
716616
187010
47697
11407
166985
106025
42454
19038
473397
626062
166695
130535
302723
28795
4356
421428
544287
972552
129517
33837
723490
522682
760383
291875
124260
213416
99634
70618
130933
167349
9899
40218
640535
710908
44040
650965
90823
255818
203800
111210
187018
47067
71213
23537
660374
96965
181368
260057
363547
1182726
937655
4703
744265
216142
338764
7886
75372
1190583
510066
222265
221747
43179
488827
657340
150159
15336
264034
18360
17007
130541
104509
214214
1467026
1630381
467625
87873
306475
2112889
210398
659816
283531
539510
154285
821308
352825
214017
172349
70217
200550
529929
25658
300545
77415
33500
495518
924125
51392
90966
2778
494167
1396829
1438580
281249
691505
711942
421520
949440
1898748
1493972
686775
41895
1756616
562881
200799
240769
488691
1088511
1574076
331004
84985
1290374
1243456
133773
324791
169658
85400
933557
1732317
403893
52216
1205608
33469
53411
662310
419894
868828
1054442
197372
3466
1037009
157839
208924
219778
1331622
60036
233166
884140
259994
145499
96360
704671
448756
48342
988126
58691
96485
37584
978
177294
115025
89897
15362
283073
277293
8040
3663
217075
130700
201244
148100
32751
297451
92588
279260
53111
107561
25611
145625
491873
228991
1060722
556384
166115
8459
248065
1559730
72796
1875733
11225
135727
212992
155247
407248
890489
133367
2205647
1709690
385297
2033478
335192
751771
259767
110967
5816
1389191
695196
700943
231679
1279786
678113
36266
1332819
267014
190909
293776
169178
125293
310786
112921
164284
1172779
56019
17986
281719
1564929
148637
749592
457987
492780
800402
1050716
849481
991
3109540
39865
320398
15547
127760
180230
575560
309
465933
1160795
173636
216934
1918244
3717271
260980
291644
451568
195781
235175
260190
995734
893167
408234
1518464
525048
56384
205436
88530
1266241
49074
295798
800840
163287
1695303
426408
4954
47641
1266755
576884
117933
1257987
448958
49378
395310
222834
208892
2058371
665775
765717
183736
446383
172898
2155931
178744
1319777
1103688
1171605
191692
751002
970953
790274
5601
248736
187740
207500
264420
1289315
723653
408941
18303
326160
405394
218449
2019778
327358
32079
9378
6272
66632
38664
467558
267953
84799
572667
479780
271971
218096
526269
660908
247828
316769
34787
3052625
312065
62138
262621
1384861
34777
323437
437547
2417305
338998
156057
1369417
1072278
263547
852843
331907
266163
703180
1970274
855308
1829682
406782
287148
741334
254530
456908
361178
101079
589845
1247702
274489
2075159
121583
160111
17277
611939
645308
32
539936
606638
880949
239611
1184868
196476
1337880
216026
63299
1313037
51
48607
1802079
254315
674146
344157
39083
318254
67065
559204
1474358
26854
50555
895991
802305
28581
405024
398557
158138
1728640
127342
281712
34000
61473
128072
265553
791762
188133
134727
376937
410571
809961
135439
34745
623026
573300
27282
13504
823714
143595
831658
212011
620931
21996
60978
530401
50865
199462
37
63263
514716
29704
12994
22046
953628
71307
5550
1133729
704068
1048713
80701
49010
611583
202149
1048095
675485
1079
1196654
1386
131821
936080
223735
235573
296715
745159
12049
248457
424773
206523
503771
10066
27721
154814
79121
40315
71460
6428
21063
11769
14714
22188
98179
168917
369785
565324
82232
658407
306520
54211
1223262
18185
342971
178186
576197
870303
126238
6131
150093
367616
11894
379079
273704
11707
322911
194041
559820
294653
414558
526483
17468
18282
828654
152706
259650
183813
5091389
77723
629105
162255
568453
681271
1668251
1231242
766308
356958
206066
795834
991161
994158
13007
320496
39790
237649
241683
21844
521305
468166
405117
679154
209588
67
882091
307447
151481
152439
225763
548771
2517065
6411
584069
129497
46911
54915
304834
110723
201180
109702
891566
1010218
991462
333399
389116
1067142
130473
188451
24808
77351
168804
23844
478480
76446
253463
400890
739782
165982
681433
461517
423445
94433
458200
2522281
700057
106319
86042
931672
496934
421987
3132895
645413
791702
847674
11222
1503109
237703
170630
839737
712725
739154
80902
8861
885
787262
81543
2080115
509531
401739
855037
4258
118308
307741
1417774
277868
476526
74795
31
29968
98565
441529
513395
406712
1369757
157959
104351
556469
494263
64464
1038037
726129
9314
193991
3913363
905272
36
99233
373668
923375
3237779
127733
356958
651
613151
1575542
1324359
907666
170394
725523
1302709
23863
798066
296665
38656
533705
1486815
175241
27764
441147
877666
669307
898210
201478
1370002
273601
462366
333585
59059
197671
257938
729112
125533
903928
1473305
265918
340878
37855
621167
4022
725790
290379
315922
513497
304281
505466
1381947
376375
784596
410496
269327
33632
917996
34859
755290
225749
717459
99073
667749
888907
2004459
1838566
31845
693452
1444364
247811
973341
431782
765884
170449
600095
269997
403034
952969
285592
412559
1398
916966
222120
313532
305600
632034
309162
14270
404745
160865
309262
12999
36288
1176707
22002
952164
122696
132265
768911
330999
1744
53407
1361450
902356
50637
710378
62418
234462
296835
1327547
18457
61056
37671
801839
175954
367989
13088
173914
261731
11335
21351
20834
1871236
548441
56444
452102
23440
1890716
752519
289646
90389
345269
37676
52941
188848
330624
363415
1044122
49987
507942
973536
411881
20278
344926
949082
209796
11980
225212
103038
998350
1017893
355917
823341
270225
230048
661814
400286
1233109
90872
211898
1253798
61659
266484
118200
951547
344581
261437
668860
853995
1395849
368030
3039489
1313079
89371
1183551
7837
766851
264912
3534
420991
47829
104574
546174
183853
1294706
17012
29578
17956
893227
163684
50386
147345
580120
73569
374742
843189
763319
1856042
1417015
1264601
183211
1104195
216456
138058
810539
596051
93786
270740
1761598
905624
147502
83190
131732
346200
141914
210990
329582
195699
342029
662
939991
1038825
240408
290212
274219
97892
873799
1931871
1294396
473505
38142
882122
742240
384435
332795
37
720717
1082365
69936
1145501
695153
1085808
211445
488751
742895
605019
315350
62113
1936230
354739
2118155
104996
1398974
413483
369304
226440
23785
181043
23812
30
49578
4869
763771
311281
215444
320746
854590
146893
1318650
765849
1205297
1606971
323725
33515
335916
1710606
229983
555226
109287
176973
142404
1844012
1658
109287
23392
71678
4934
310
761125
523928
10808
959682
298705
506069
602434
288421
91855
152853
45089
40
79418
597256
430897
106108
135548
322037
896442
630252
7299153
821770
571672
258639
535114
188010
597347
213207
38834
294348
315633
160004
913396
103271
1518078
880377
32269
1149047
58832
104141
104487
529789
666916
1804297
1722143
108974
20397
1033913
254459
771416
115067
24302
702621
357204
107575
81792
256836
17727
239850
321226
17742
256747
20972
17730
239611
241645
204016
17713
242789
151687
5886
450174
330211
1426026
297158
779701
362642
17065
125415
1811456
602282
369842
979948
894832
179077
202244
72279
98920
67146
285329
444395
498730
693715
320772
26257
1278385
117787
2139813
627566
1656192
415648
129373
707776
437203
17286
54232
152617
2313251
841279
506906
743500
448549
1349225
1089
202906
230190
149006
227248
1780845
4934
86462
787648
4930
244327
2327357
805821
88390
1428244
805623
676572
81962
1261410
931836
264601
342113
161591
3085556
945636
332743
762908
853375
829534
65733
527647
1697087
328396
3495634
1240417
235399
813486
716244
525642
720307
655652
809896
30884
1292721
185144
1696
280289
649133
358976
55708
105993
113705
166442
98265
591255
304550
277805
4361
522823
580237
537195
68473
59709
123527
121892
109756
2879204
111946
187887
77352
21553
153602
138029
92667
436134
29011
742452
505163
271476
14991
325047
60994
153944
703022
441349
2712724
1511117
1435713
278821
201648
132822
113979
1823713
609327
42714
446679
14186
47958
705615
1912836
2481880
91393
28951
294
776268
565829
72274
117045
164046
953897
1002096
2196396
28
96576
724471
1110031
642148
8010
105717
178860
490820
236954
305848
60019
586737
232808
1045027
13107
856899
1526370
787928
38293
248656
801826
11971
97269
618093
260741
1578549
377783
92264
19568
180681
185322
45770
329776
21490
87064
267766
175698
89400
42402
54378
92904
106557
25503
50987
40692
90014
54603
78705
382002
146774
16936
284308
255619
29
268270
126631
12079
33095
361212
183277
17047
75504
99464
124824
174032
435106
359435
91467
214734
120900
86168
557375
910055
107299
546383
415735
760560
409011
572992
665833
950665
877846
117974
394918
58595
348
133175
1228770
371216
693750
35505
19576
387019
72439
292756
116950
318750
202661
65709
597586
1235317
635375
380171
51196
168947
2519
316
131225
195676
98850
656388
115696
719510
68906
38555
264689
50308
169272
389487
97287
253697
1115165
463496
398944
256457
192486
151547
59778
49302
102568
145080
449215
224609
142475
169169
64135
410586
152947
661419
1215801
302930
207412
211849
251984
463145
74670
636173
439168
232590
29422
1132684
900708
8109
227568
476820
141143
208658
121158
1277777
20979
578
1164
34590
319704
63169
199417
644895
123453
21845
4755
1139311
12060
62025
24594
277869
414868
293417
211167
53563
331313
165504
512426
155051
1062418
513116
411854
743686
1719313
113955
86250
102404
75617
895010
491363
153597
70179
3977017
846650
752850
1014314
153236
2820412
321504
271550
13731
378078
337637
1042498
241680
163418
185915
405320
322408
167479
182086
345413
353455
4076936
118345
500781
610849
2366191
47711
366304
374206
714599
225421
797438
887835
179378
542590
1314547
37
787735
629407
120803
647074
227758
168449
11884
207583
1850232
94633
1760253
102198
782694
105762
2828843
1058012
1628245
492041
273751
1346715
413038
789439
113443
160651
940520
32140
1032720
109149
2049383
258389
286971
331001
2056802
1352993
34959
408982
162302
370644
131549
52266
2757578
42451
405661
543867
273087
179656
1409540
643830
861084
2208822
506561
22462
724865
153585
42
853631
313605
106430
900911
597197
42690
22005
513143
997668
545163
597291
3680718
1786428
678326
246551
181431
239452
1865832
1730183
1555318
208063
318516
345775
716792
344705
770403
26858
194823
76613
519579
655724
7640
42890
3075463
881890
65634
613329
372355
655486
317908
1329839
277488
309033
333680
102198
552895
171696
717775
12184
415036
83878
850790
1303874
980177
555733
297748
220644
1056867
2791558
515069
403256
772267
674129
70953
50348
352075
135746
75117
147987
127983
123447
250235
412906
122792
50803
124614
1085625
982760
202578
29577
593164
606352
297886
241846
457311
417614
431054
625480
173398
11916
105830
1344637
673375
292314
1036804
1145702
733614
477826
225127
814830
329892
702157
532976
717987
941157
22614
34129
1414889
308145
229044
567708
8244
107293
14662
303328
4722
128297
504076
543739
27381
3492
4277
108152
8631
99492
140673
17380
42581
3991
340648
382232
304963
510611
189581
23132
394685
221973
269684
94629
59752
403502
96439
14406
202499
15258
170300
286746
207541
63944
1032721
40895
2489552
575309
349044
638170
340084
46250
5543
129637
310630
157435
715181
79597
98793
535919
111573
399404
707603
199634
169903
282691
2700079
193730
164736
1198145
107073
44239
191262
447227
396635
78268
846538
468525
1650565
1058626
278039
231011
323462
97861
865419
434928
1330237
1002125
1730135
496606
139369
850957
841085
226884
1128286
308659
813922
361739
143779
37318
72686
1692017
305349
197408
2226264
634873
657739
180431
92126
18644
192780
43993
2362442
1427923
213385
113862
750793
31095
471150
2598180
56308
668452
80590
53056
78355
359133
8211
168443
1371587
1109285
56771
87935
170157
255564
305442
193160
524065
8617
89933
10516
4127575
1486130
19032
381496
191806
925097
981410
391181
15988
105693
186436
83822
576786
71050
929192
22933
945740
1043219
14448
731788
362693
480010
92953
622106
273265
70724
280573
27843
27810
27736
10519
256556
110867
182887
58119
203162
303128
377750
77381
217189
84776
1512
289043
10532
27628
27667
540065
195986
373592
564354
626131
1397590
191415
259562
70557
448413
135699
758747
46969
329375
1092154
453653
235149
184013
420491
1843142
47889
1162367
948961
22470
905958
204730
471790
1052432
120655
996814
65242
585699
16993
852185
882119
520006
1828387
913041
24634
26507
64177
113982
343496
651099
23981
157910
221416
270932
211683
469784
502903
88480
156155
157008
126729
62491
381207
193736
403972
2640268
490130
76036
93470
790592
29368
80224
1223457
388242
721693
3693
910857
542084
43088
849604
75319
2150868
105229
970697
2895803
1926597
4112814
22738
487601
303266
2112344
457209
123650
572531
447880
878012
63607
178788
1175926
198638
60608
33363
1727930
2380458
545038
541525
400669
545717
47209
405902
1096494
464018
397397
804678
72279
40290
389579
468561
48565
43945
28715
522621
683324
778541
382951
554258
80284
110183
270773
1059877
11932
182682
34172
65093
562921
573068
484356
101615
148035
983153
324850
677230
246693
125566
84
1069717
841458
579902
416617
543960
147569
519378
342586
527904
223786
863823
75683
1809307
733686
703744
116273
450204
263496
747968
190388
260063
1132475
906248
32
331065
1594524
358492
53143
60436
196604
494345
1052303
27677
1265898
321901
486214
57702
647947
350500
347771
194277
358525
242271
27673
825449
90813
910132
675318
733934
779463
404575
280811
71612
218821
650400
699888
143922
2713565
116562
157
688194
384876
217265
157475
62599
41109
91136
1351168
302711
28
73038
34412
300337
880801
870447
41158
781472
103551
1880639
230313
388430
49396
343864
4350
921638
7129
1400072
1115880
526542
1060347
468882
1520299
226280
1151234
707793
444302
429762
88754
686869
64127
104129
279736
695830
455064
227588
2353070
9662
387241
528696
219256
84537
708184
66896
18318
44811
508332
3877
765964
7583
1561079
1074296
1462194
582911
957069
18638
716934
80113
1114860
180697
1357593
144638
117842
1487665
702526
216853
1307080
273619
465486
3042679
318608
138246
2327212
169993
502190
188585
94957
535810
233577
1107044
101979
1384884
1053219
590525
1517487
2938158
936887
728830
1034633
838283
65543
2128890
1576950
506085
1431896
1633381
449833
258163
954893
178549
1047894
528051
89885
1010590
569681
842851
83061
91305
666395
254380
107178
23007
189675
101302
6065
46576
39108
1166793
114439
1055790
1742668
616859
12083
824159
3368047
5442
163393
1020870
190621
644756
325830
193776
1641386
697733
152243
1548066
109607
561594
38667
705192
102314
49121
746250
777758
470768
944080
39052
450502
524113
1141993
2103185
375850
627302
159602
114740
298059
431813
454170
137401
196116
362330
39971
968726
105505
480065
1776741
650672
1111944
116682
283505
359997
228428
566458
163584
259190
868007
266392
364244
498560
677012
1097250
2707072
1689762
459479
2046520
46442
959383
217340
27404
435071
12415
25793
20386
39979
230946
112632
147626
18303
21996
118413
109703
136739
82019
473223
20141
242085
17725
558724
93091
900828
8106
227235
540941
350122
1460516
319348
236730
299158
26858
194823
76613
395544
422411
101024
401039
46892
220635
323604
81201
3710202
103014
424585
546129
603096
78271
145121
36081
1285408
180006
951446
130883
829733
574140
934525
641726
1319129
1537820
208744
11366
293708
1165737
67156
14091
181832
444000
1240230
396166
128495
63524
991758
1526474
31491
1223972
543738
58484
1939239
230811
178474
13940
882599
314045
20444
7450
180360
1530470
322776
270322
1502204
1377894
730254
425949
18908
38095
60637
7721
222139
12654
97204
2806
124854
8984
644754
90868
113856
209049
290060
88376
278319
250294
90382
116693
117870
937836
26389
124194
431358
505995
65581
231216
372212
41256
222088
161691
115433
680244
191300
32424
1394168
28772
150192
163082
130686
77615
7585
449621
17607972
99879
40935
234014
41286
114574
41245
818940
270289
77559
129427
485985
241065
1304214
174786
32574
296970
700005
796533
149762
205071
40938
388543
1779880
154885
544529
440867
329727
108669
189974
282033
535541
346329
39650
408793
618312
1688703
1154748
357729
606988
13741
641936
441578
71831
34780
194699
1387218
281945
356189
1046871
225816
1030883
470875
307447
1118573
56721
2749906
571682
134505
43997
61598
92257
162842
558181
810361
483575
909988
1382913
67042
100275
59089
202907
46184
40
63249
369514
121753
487498
42472
95954
75
355207
258792
90675
191501
755278
134986
224386
15231
41217
35562
192637
21232
67769
176344
50
549041
1465578
1405542
40620
2770766
207
45556
1740620
229848
26148
233107
481350
1503173
50404
118706
249709
73
1087304
143593
235722
553139
169130
908749
163960
1176707
1017915
92263
294636
681309
722334
424303
212186
738910
109471
488755
488546
1334739
541268
153113
1113863
105064
140145
106341
2080
417484
727340
304
605043
394831
53044
14856
285149
361842
43208
151305
312865
98795
405019
151919
151278
27095
9304
65276
82611
215539
956178
320873
914116
102941
161965
600073
22531
85748
18366
26746
101113
42067
88670
40396
86811
122275
49429
124711
134189
371532
82200
15983
325653
3797
336459
300815
469823
34319
179742
190652
775215
159375
40453
101094
319918
117913
270067
18243
1678596
38
379224
54995
624525
302699
275848
24180
97758
82856
242601
17693
2131
157725
248832
377684
94531
53592
12334
169264
20809
67017
58632
49986
20834
97789
64175
20904
48293
195976
59509
20902
126545
115716
324205
16215
95178
20809
84106
58504
49985
20829
126179
60168
194411
71207
596478
276879
255324
305761
64649
1596
48197
47247
165607
26533
17664
229410
108078
278790
103123
105898
177248
640962
16840
1600
102828
217007
63828
20904
48293
23040
71637
486314
210468
378501
237571
1079243
83259
48983
67810
130370
330357
134954
60084
586521
227167
7668
10959
53007
938
80552
263924
123581
943939
344
329794
329172
135505
24699
92134
403903
8691
55989
57943
8665
14913
226395
7668
94075
67534
20320
459874
60311
133299
329850
101271
24514
95372
318334
301117
43707
55046
15840
28600
14814
55046
235205
43707
55046
43707
55046
43707
55046
43707
55046
303593
43696
53471
43707
55046
6824
83970
1168
403695
304012
43707
55046
29930
41592
106341
35973
170239
96539
2963
108402
206205
20132
440078
183686
20146
242305
90011
124679
896491
8106
228140
469458
141197
208664
121147
1236379
20980
576
1164
34610
319436
238351
900662
8107
224808
469884
141128
208679
121570
1262887
20971
576
1164
34622
318575
900237
8105
224563
524944
141143
208675
121152
1272532
58112
101765
216894
900503
8102
224612
699896
208678
1396950
20973
578
1164
34591
318544
1003137
900617
8107
224604
469368
141157
208676
121150
1304292
319594
879342
900399
8108
224029
469785
143455
208675
121082
1351693
318758
193243
154207
693441
25087
94758
53218
48491
89521
116104
67472
71027
96572
96572
211765
159805
96572
191455
13720
137538
69063
121836
236103
872
37987
17977
24687
22824
265365
149578
157201
268545
158864
1364869
1436627
1012196
3406
172668
791751
1986637
1470526
122838
34152
3205
569327
1082431
601376
2123961
280384
343531
1143153
139244
1337345
48126
36519
205787
30540
104388
197607
31940
122266
287029
10663
165903
135963
515809
281909
256348
1059829
98676
21021
324309
31285
51872
738320
477857
321404
16002
65455
46148
27424
634855
101596
2195801
841789
678742
162610
973383
994783
101214
2134870
632039
814218
13396
199281
909516
2199934
305885
3403293
4494439
639486
800726
836410
394302
325193
139073
2110948
204425
2027842
445980
294436
82680
188984
1329901
171682
377234
109008
746468
6368453
2286760
2701740
942044
46167
656501
486810
648170
16452
661821
272357
34022
1644787
484494
657795
389134
1277032
1016042
95389
997733
254394
908084
904818
2108994
2247696
322
2594864
2254936
93763
251383
827424
1520649
212889
683021
458301
283641
57392
16737
492283
882635
862639
712578
1323140
837633
1035695
9664
93271
339933
1561025
245516
157647
15568
116268
8887
409849
46326
799274
49806
819031
2296940
1691380
223152
175258
4975
68941
185331
542217
337105
844965
1186032
231811
116325
26898
1185443
788301
330855
88176
1294335
1889299
127601
733429
19844
886852
222998
278407
154614
143383
2417561
38941
94288
2529329
1429795
665962
61540
380256
778011
74624
15092
134278
68963
143539
115233
1393469
2103139
886590
148216
1237890
532045
170175
130236
2077339
1041271
1918942
821131
2601693
1159842
368075
275825
441299
38663
19918
633009
2277848
234529
503776
171337
4250517
211765
159805
96572
191455
13720
137538
69063
121836
236103
872
37987
17977
24687
22824
265365
149578
157201
268545
158558
297
1305910
352286
1888070
212517
108855
42372
667671
40284
340120
307599
23868
343824
966531
2846
918202
22068
228155
49632
433870
18376
6837
1764
357
386
1657
250
373
3010
174
2378
3224
8020
2965
7823
2053
64218
880
3990
3713
2430
9425
2225
626
796
330
908
650
341
3107
513
245
2585
3067
16419
1520
25162
2752
5473
15058
11087
27723
27464
17203
30485
4679
15357
5183
18082
9892
13854
767084
17926
115760
122785
10956
56967
172603
312832
52
12460
88538
18476
12149
330208
401892
356047
478786
573094
137857
1112949
49867
197038
1165625
363155
64309
363214
526607
97187
299996
303847
373461
498715
91142
35810
690078
8791
157561
204734
1053334
680342
481020
233719
1491022
233687
353157
128080
30706469
