1383651
22108
41768
54805
61813
6791
148527
90203
129119
63452
113670
83102
15603
982379
1663442
731773
518555
575408
1552734
489040
790442
3321
13800
100988
97081
16670
75069
4913
19527
75463
102106
123686
32206
269650
8258
58
2981074
100284
264742
57661
96347
110547
715325
106831
396599
145610
195916
222704
109382
424928
128566
345225
15495
124528
1045212
938118
592484
354189
37131
36045
294691
755213
180780
120102
113853
66139
874312
1212475
147707
45072
395232
164305
228853
21367
140075
52393
466022
80638
353615
197415
466589
122814
16734
117916
82947
10479
18781
313673
372808
67486
753135
7643
59312
119656
70373
41157
147638
22199
5777
38845
129481
456113
1815421
716309
197911
181314
610
156873
71294
3261
161110
39241
1842433
510665
187363
62658
75224
754936
212711
317387
613464
958563
803964
97378
101668
30663
296408
371456
980029
137069
179556
1383484
531639
471865
726578
386489
41805
376374
122314
158130
95280
57347
839
155427
7726
204603
342525
561556
116533
1869916
306679
2951
340817
809661
1500300
156213
279430
78396
95680
2876
124940
35005
149676
161828
10457
260189
1188493
194846
100323
230586
769486
303442
229897
1369357
19852
1059475
890335
67416
492942
455689
930
1133384
37635
199433
196258
229259
300
35180
219048
667158
261429
617372
1650
1554860
56768
945208
739299
519260
284055
443313
489856
1779040
506203
748841
900636
181140
777426
1865838
583660
858069
71539
555549
831151
898539
100404
42875
1003757
1394966
2211969
535931
329648
215989
1792347
128046
317879
327221
1163559
118120
2517497
281485
24690
208987
258768
11236
54599
257803
1567431
77019
523877
687149
607158
3608925
245391
121471
432211
293966
577133
2219384
637212
238453
72314
286624
1732286
31557
11009
722622
1213413
30818
264712
143247
66217
178431
18144
105234
240309
1121434
132677
311492
28995
19328
360867
438474
11420
258390
53406
233981
159012
1549139
1079344
3577
73464
2060014
247264
1744168
84178
746708
77783
89473
118637
22662665
124298
570375
84339
71584
618869
92520
397430
252706
118461
129207
182974
832417
648362
156614
354627
38770
126573
107938
803886
124666
69454
120113
548224
246772
168261
201604
4519
139822
109088
99958
686520
501094
1211048
21576
191793
179474
135883
45721
203713
206027
166617
46
332675
93919
212865
10189
123902
318554
4199
105858
189575
163386
703744
669811
294527
969146
333159
130012
758583
357689
901985
675046
246318
2116943
564061
1172274
36982
35398
1181483
249708
506492
377709
1581511
652693
1507615
1656448
242754
47649
91429
1692
664780
5408388
364667
16887
1164872
26956
1352823
1950918
1007091
376778
408518
446438
308148
49957
738296
56356
260343
603069
56090
1050029
879136
142286
413135
101478
1967033
790817
47753
132719
396834
530350
481931
480591
474552
276276
2107231
97623
527696
98990
1201133
796574
118339
7355
166026
321189
1448817
130618
731762
993182
400075
397327
845100
749802
171456
2064829
233727
732175
67484
690705
169102
946612
1443526
1179850
258106
278734
33852
1388382
777086
438510
398559
1044664
183444
1160173
1183809
313
52552
1148102
193886
605159
734270
711409
30455
343080
287674
870742
343847
879006
95356
691300
346811
35572
146225
174266
746937
607017
390992
786930
28
1230400
1133676
4407
3101
1050913
702301
203141
150520
86994
1253703
84262
393389
14074
7046
403911
261030
59636
93863
650688
787459
67060
460892
1374328
197031
25639
1906738
87483
43993
106828
29181
15047
41065
72738
804686
669908
167894
105258
322209
2084100
2608
198305
486345
100921
25514
352615
1529273
489072
874551
286142
1268220
895225
1558130
476586
68532
173164
25830
524538
136320
733825
74029
1114249
45460
284891
146240
998320
342057
6719
595790
397612
553765
151456
1938980
908946
991280
456264
135373
1423289
20443
466502
225729
144203
169906
436
445644
40340
721796
198226
1503215
2620295
698351
886090
929906
1707229
8456
258734
745
25232
117984
133
239901
509890
124955
155188
69132
41752
203948
27255
260148
43955
2391
8870
2391
11450
194106
337650
1045089
311670
3115826
1254663
822428
1347152
12708
137172
283793
334294
306055
196910
72869
493624
173945
440799
72905
717037
1245085
319501
278494
2303837
332423
237888
999625
176753
37093
628402
1165313
195661
113979
269648
198461
284903
367866
894014
282465
486018
152820
479388
1311128
38325
686526
66389
48103
1160899
134825
632239
1148067
477012
651928
1112089
20994
34555
125619
380506
19060
1939
78
257781
88408
28306
207975
84128
76648
887774
171352
258014
2603299
81046
125183
859241
15779
152207
1033287
474273
340674
29
594252
414423
884979
67433
1207599
1050156
317860
2291773
205287
1322711
648618
345535
1279642
2501908
335757
1531636
1121781
54366
306455
548756
79874
590766
205147
166289
174843
681081
167965
411997
2708954
755716
137664
11180
316121
487635
96874
156751
153521
134772
722016
13573
201875
69643
451104
98579
3450
8983
14412
424715
133134
400775
62426
74718
993174
1946274
155325
336434
23667
511299
167215
742622
842867
235880
247257
474795
563156
495829
379925
287309
891895
17532
1240015
377475
34289
70613
92474
236621
1623946
6189
150177
42495
69015
21553
610167
1208303
113257
955
460473
114071
79424
443415
676111
570144
700767
316045
76654
9740
105402
1111885
340698
979663
248455
951762
829457
1914937
1608123
111554
794630
106235
28403
389884
57582
2284092
134288
300
59170
610165
61505
197499
1163595
1181719
30868
161932
254715
233752
38
364156
260493
862884
30405
26452
728329
2080702
463540
2151148
1838086
534559
91018
604847
650351
881499
636254
622062
163998
27
30067
1596335
1626630
1650894
348484
284824
556900
124632
43
1478038
1038212
393301
2510744
6213
132224
153788
5941
445417
873622
47085
68610
100679
895127
358080
2779179
30
104678
17614
3943
677762
32033
50052
1285749
1693060
316951
168575
408596
72411
40041
907366
1285861
735774
352522
81142
82131
5784
544938
51626
352966
123558
182123
105374
113440
153865
781638
1230152
72690
6112668
1167399
1637224
15063
1065352
420502
516167
16368
5667
347029
52823
128502
22677
898307
67534
71544
633128
261783
100879
1204383
348705
65039
87028
183775
10598
172924
82992
35750
319939
206225
74032
184586
40901
420490
18292
362568
548293
238315
233529
1424840
88501
1704936
360487
850529
450698
183234
435015
150408
594761
289505
607477
636503
17934
195446
943328
493965
486
233899
1533515
1350656
74923
27555
267031
62432
91158
196830
1121852
81811
558845
59675
1559473
737895
124442
66302
114857
602857
1368874
63579
1728196
609399
13481
1118879
844818
149236
947039
479840
84927
472694
1294730
229818
1498812
483562
137717
703956
84755
30876
231937
2425886
288658
2946382
1110955
923856
660953
134699
434030
1235993
2289320
340208
389110
299600
357530
388599
1283235
169393
202433
1494692
18817
1403105
155922
253113
232336
130897
118330
1244285
681543
1240904
450133
130411
93993
135267
352901
151463
1800140
558064
97237
13318
674489
399270
930266
324362
228762
452182
518031
254495
725903
1003754
128743
15328
272041
43121
229328
226688
36390
154878
380094
185305
209980
100467
219374
1245854
354323
119216
865211
336120
979631
2372
80206
14036
31072
181122
231305
76266
673062
298436
183484
357919
1217837
1613729
648817
212906
156471
59128
67520
1046660
758086
83239
181993
358764
234452
832483
408899
57123
114381
34199
601742
199559
529951
203203
1225888
311125
572188
366932
278526
78371
78413
149442
331563
239201
1214175
62371
2024285
260802
9505
168137
284110
1301072
320637
365028
964809
1191325
342073
540308
195975
941284
23359
139992
88975
20403
37
920410
740397
5252048
293156
89084
879937
2406276
191827
375081
239710
27715
867532
979822
1042727
1744264
658358
159207
176432
5537
44909
1326
52814
41010
209842
21951
391541
139175
209699
187298
137538
93293
55935
291350
159693
196607
731231
1403
20102
797689
484640
7375
135976
101968
143587
509464
182352
620082
1259022
333033
9351
72075
770037
867062
191847
1243270
1912822
274687
59658
589040
177249
1591944
46814
805429
113534
1361820
1300901
540521
381386
262143
102336
278309
1641
434378
214921
163112
39449
1333605
2230915
55639
169934
458415
630663
58365
21882
13001
125845
405566
611817
110336
227973
695356
92441
317794
814921
671187
64226
278918
2032558
58204
779920
88408
225082
30167
240335
1148241
593068
144652
460605
682819
195868
383747
420087
44120
568132
435849
1045815
477813
320047
632327
411950
207827
1335264
501886
929954
154920
325774
692967
415645
923031
123729
32992
840205
49732
459955
422371
457981
18500
355235
25826
2197938
398457
68121
883431
1078259
85217
99370
1636328
775802
2331369
249521
480159
554038
396809
5218
32079
707243
45711
106397
217137
125877
2441
483708
2009885
523349
184622
1239404
579804
8213
172576
596890
1325538
478883
162573
101465
286906
199351
80900
73633
315
336091
371122
148800
543550
200744
135296
172997
1043
250072
393331
77309
9051
16138
107241
76501
200899
1502195
450125
1044452
129814
264127
592104
232648
179393
91783
36967
1146983
456760
2160093
804163
219875
247316
61166
222944
112023
29920
529363
55663
428799
56048
132141
336778
67957
230838
8364
53053
10707
9915
13995
128596
266933
722354
34694
72629
43718
344
16917
322063
58624
87541
203767
84817
100326
604863
152366
533214
1258629
831754
62228
3277
73862
7205
42920
256627
193489
758489
13292
1028497
2540586
217920
36697
689645
117091
274021
675332
718562
124230
415604
531809
464874
681929
752741
51348
288968
2520993
2136025
255211
997098
175768
349344
252351
132017
114645
86296
142884
222335
76493
7055
284004
1684191
64933
142618
1771830
14973
2651
60315
82074
2372325
56926
313504
1627142
871639
126427
123210
437649
362689
478616
297188
1563242
139965
587639
1194536
1606907
497859
2314153
224107
1599351
100241
2701270
883061
56388
68276
1161505
2007997
431028
1283361
40477
338204
1353692
48201
105
1169244
366105
278004
1130518
70580
74788
393339
99432
49404
766915
174498
1125942
44161
171867
523712
1107559
9901
298945
318491
10078
201196
226209
863923
303547
575620
576007
1102034
242979
1155299
1121133
135823
92724
3297205
475400
84115
1596638
1193652
371720
823903
89248
600705
2220143
625783
464214
1759037
1360613
226988
31
488371
154743
245738
350388
980928
1858397
1054670
379321
254025
405538
826559
40691
2262255
634342
516521
22926
1822819
202352
373115
1101185
1479191
2873205
444827
823985
651039
102862
1820795
482559
137118
57322
583848
1824585
320072
37287
14362
88456
217093
159024
301104
841732
1379425
1734960
250490
743219
105035
723665
802728
414953
544629
148510
576141
895343
102127
425700
127824
110392
7048
1376067
418398
153414
81541
144110
51084
203800
1791362
356344
246207
60918
341626
133767
115415
41202
28920
586657
1569
60569
1280893
579611
155995
923580
593258
77351
226663
201660
129633
53606
667328
412147
1086744
156759
50777
51917
5309
192061
337082
1245179
625815
635280
2186663
32214
1158
52801
1145804
554290
34191
133847
80362
193289
713384
931415
1151190
995380
301281
1139313
227634
109711
429826
1832644
56096
1216448
777256
531983
57334
422929
426498
93099
55879
413049
438243
2670498
379877
192065
68871
851076
168444
302719
938561
45501
539439
74543
391469
1091495
445183
8837
159669
254855
990286
4939
1351842
784070
283341
131823
726240
626602
129723
505961
641065
8179
451036
173172
5233
1977126
314560
102787
657569
48589
238144
1960730
1337769
227228
27941
205487
848509
695336
2157
52693
36864
807
159951
15705
1691
221669
4701
1805
8341
233037
98892
723043
61898
16074
137000
865415
465830
162220
20627
1325819
20163265
436113
1961449
95011
117634
182036
11987
492420
218981
1169064
354945
107345
495074
483229
144446
286147
228182
235445
147478
492680
265401
47224
652185
6475
1175
10843
36532
111019
604442
210382
164136
272711
222297
489514
209588
1049792
246150
268942
565397
2526
7547
393912
355111
145417
202926
252636
332619
213230
23941
894308
25791
1308847
593293
105039
34286
601161
1023134
55765
448946
187773
12416
22765
231391
120854
132671
73188
43
67795
101680
236197
218185
1106920
252341
294897
118813
243673
14705
15810
1956
443975
345310
6119
175043
137590
118443
464993
43641
554269
684312
290277
28600
1285926
572772
1223962
198779
109924
409034
581228
13
155107
127478
285468
2904134
525840
729139
639090
26257
1368744
473239
358092
1189609
14709
129807
1146666
2668971
91841
316
30896
21656
13622
41554
270200
150314
56062
66249
793607
23742
567575
10991
772459
1079442
602409
216430
1703414
1001292
73702
368192
118631
1318276
21213
1093691
161720
63624
68651
31831
8525
57319
261037
102108
89783
618969
585907
133427
393409
10365
654638
134066
989719
1035198
68651
459288
1165555
89469
147691
838593
212245
154778
134370
1373221
516149
672815
1674601
89363
447058
1347743
326647
295709
206345
10702
1026870
1263548
37361
122459
509945
2716037
611876
1695611
151210
359980
442856
329083
95235
104845
1318105
9830
132563
301097
729827
95329
153406
122238
540773
361558
360108
83349
33689
34783
141022
245524
48877
507694
87390
169618
31214
95504
220450
65187
89123
72721
423450
1103089
31628
256892
411066
167916
138056
598537
145694
25798
655126
27490
8614
51017
535695
144898
641177
76561
744328
74373
656592
45305
10970
381318
39960
275884
1587
14970
276879
1568289
650965
196907
1437561
527295
509527
1109965
750833
186948
245111
304073
202811
961984
1156707
536247
406219
415310
443521
161695
155688
81157
199119
661985
103744
2965950
830374
96217
152025
345607
291260
132485
69615
65619
97496
866297
133932
140083
9093
32465
405672
74268
32466
29
9109
237921
137829
9114
32455
109773
343297
145779
103695
276706
1107777
448782
11161927
1804777
522643
208463
405441
65142
249969
1595580
1208709
3960493
1243544
311
577880
876420
1070144
833508
164135
1866892
27900
80942
241313
77
928829
26
688962
1071528
262262
279767
29726
439965
3574
47552
138534
68927
175548
248
236841
26747
52060
248505
12640
465601
53191
243495
3702
303
809110
98264
59849
177117
1654
169669
623055
535849
2536649
55583
81609
329025
114522
372971
1506398
47220
87598
670978
491371
222997
352285
316595
1999066
158244
79104
176736
185507
177588
1042229
1371608
66096
817510
1013379
681563
394817
533580
45129
145915
32732
350982
251931
5732
226570
418641
3430
468742
3646
179969
33044
48053
129558
75393
32446
30
9113
239290
104159
116291
143459
375806
241331
64626
1919
76267
28902
570
38321
36552
159141
111567
552329
268835
25221
2893
398099
28886
185297
117031
855214
47858
1720171
115811
265733
397082
145957
44255
214996
38415
172142
667
102018
399498
157629
31975
139831
108475
21033
125449
1933
611939
383199
196396
21953
580050
388493
527710
771933
61497
1446586
30380
104579
1467374
47
123443
36
110547
119170
28
134576
147897
816
42222
105889
161223
333345
119103
8311
16300
595529
1062936
3476
93901
533767
14108
23674
816
282999
110
122712
118053
748447
250419
989377
557909
402138
7614
363185
5972810
130283
78704
76765
383520
40495
15511
94733
430464
218930
34647
871169
11856
330147
262639
172351
104568
600928
36493
216045
1087998
1789685
29640
218510
237085
500975
1112976
663061
106927
309981
273800
231376
151713
760339
85475
408409
531478
1200034
444703
241251
52194
387835
616998
36384
216037
103623
87624
73599
252186
203661
258657
257894
608986
969437
74660
734322
734454
123660
25482
63865
317949
672012
180640
578229
438873
32609
126860
1551989
92265
738777
284226
158966
869880
1942802
41518
173144
588927
468692
200528
100006
200142
159525
143589
31733
115269
61957
86922
211247
99762
715458
90701
169613
674411
878602
170114
56776
194007
758109
33359
85410
104075
50811
1416909
871051
93236
277428
823581
393907
250018
209408
9415
22918
104052
278602
346814
1377419
25995
1573716
634521
233463
1557692
454046
400235
404885
48650
476
215647
215222
7834
22285
117908
181691
600690
245641
94072
102873
122276
555687
357003
456435
1804359
471222
3700
144535
347573
346407
94029
559124
293172
546694
613953
477666
21636
683634
78349
3234
1478
105540
204590
11663
103971
14172
217541
146408
151566
1321099
28174
857778
1271470
115913
60779
69559
51138
43001
2317
564433
668886
2053822
31063
454546
664179
180732
806767
52430
62385
270621
200187
468638
901612
624094
5747946
97075
55165
18106
105525
5371
322231
1423345
2879449
631018
86243
499103
597873
112945
558645
501812
717574
118695
138237
433871
68686
113445
53471
1180016
333412
393494
892937
2580453
432240
179729
107399
609353
140668
794560
445747
2293316
287705
335598
196356
169086
252913
943632
704384
285245
316916
382966
1528891
434818
1589259
2243939
339550
451328
957146
55557
24972
72342
771298
920666
247900
124392
425975
3022397
493413
195133
529978
1560765
1054244
717416
1058820
54854
844649
95284
307739
2687670
38169
791787
27921
114093
305970
26
3933516
126815
1074535
8373
1535947
597105
1215996
2272051
69095
195632
30289
303674
56770
409447
99591
458229
176367
93097
342705
25273
144477
326188
550643
45978
333335
169463
215027
85795
107448
107141
276981
471134
42978
59912
294412
79138
3173
25288
27209
260662
96056
61259
45836
31597
37720
591169
19326
103699
644820
256955
122081
7825
35642
136779
216657
15756
1074646
285519
95
2586
64488
463877
59257
31012
7969
79977
62755
338791
78847
78679
52096
129203
172518
14294
6545
52895
12288
6222
104583
112140
12067
153553
332270
63171
123689
28551
110498
69504
338
23987
10103
3575
141490
10859
133642
665413
37141
450844
272672
393728
23839
46412
278666
206771
121930
336794
534074
432877
358077
46363
1067250
75149
51161
504880
2098
108607
126644
386515
532169
204214
699921
360012
389841
65286
74247
154644
131496
8061
330500
548163
321765
709687
4759008
971998
1855865
511301
53289
320285
85083
249037
45716
49881
967391
733538
721234
716088
15436
85118
184091
61492
181357
272285
664441
218920
48749
114872
520081
1375814
245120
239930
26152
68874
180979
483956
129593
461967
1088182
1663786
299197
6692
189245
793974
659696
76108
533094
10376
432039
177907
549958
171450
193233
478936
8610
412188
146517
30504
168458
181246
459509
75216
572573
46304
79516
780819
55183
219917
153249
38668
479139
150192
557526
105469
454845
228919
411196
375989
64745
1881516
180300
37
379346
68225
225685
62675
104458
61022
141860
817933
1157052
178636
1618713
122272
1431246
14828
777843
855758
805207
2639220
372980
790478
222655
566522
46384
120376
328701
1212816
21521
1322954
913960
335236
953185
534917
260
102068
267699
1361045
434939
477118
194261
1133703
829014
1045484
381876
120685
78222
368018
124472
17968
5501
822537
77219
70221
3891
2576
2001
11487
3734
16952
274620
603301
147782
167642
140703
1384430
1427796
282064
38357
861575
516929
63738
119143
83066
87864
108997
422724
41529
102316
265546
282296
180691
202979
6791
325248
429440
145408
303302
441266
1001047
296292
132546
2102075
84290
379905
350379
373419
561296
910694
174289
543215
47252
702545
623808
96480
1147
42995
407402
168298
363533
1277837
1177275
22685
978608
68052
221091
521952
294670
204073
1705642
374878
421305
313544
1186776
91164
6371
1043063
322949
734928
235971
299479
2440598
271767
805849
698990
650941
236350
55127
16456
165329
45467
826571
61062
561534
878261
17296
485899
844683
1539690
2182600
151578
637022
229767
40798
817044
97806
1599813
33227
240978
1002626
685090
169296
152603
1088244
544415
786346
250730
314074
255992
467652
261217
424849
535069
644619
1430961
45780
797976
79027
61576
747813
709683
423537
196239
440077
602260
949877
613151
705354
3320511
180777
2230442
452554
56921
74088
111334
28969
510729
109036
754986
295706
337006
50677
929458
689816
599495
51538
871515
131143
751679
453
43433
25940
465482
217134
2630371
1244327
26704
550429
420040
2340316
55354
1477929
733572
475316
118203
241297
148238
136484
935665
1074389
516002
11798
132067
536077
74561
209150
395263
286561
548494
85647
768813
29821
2151
1476862
7728
82334
301788
27925
11853
425665
513788
314482
2546
4195
2241578
772461
646933
2684214
514179
849484
19875
1103122
86520
59652
164627
41862
36672
84458
26876
50017
26802
85301
98363
19552
51091
72144
206986
24197
23091
24023
254351
20024
59755
22381
15665
310460
401924
550227
156143
166014
446770
844186
928136
270234
817363
468990
525941
2921963
216629
350143
442107
750
424941
1532794
425415
1405828
26764
486241
1256549
1009589
2277
603009
45885
25654
1439978
226749
233222
88224
572890
116284
435523
863667
196206
102591
267370
594133
10438
805419
953419
2010345
14650
1362464
460915
281459
928476
821095
68
986771
377709
46
2520712
185808
81670
351763
335374
119966
580868
924851
51722
23694
1064458
425340
142752
107379
140863
558025
531680
912963
450929
907326
1209454
437259
341235
88301
291452
737949
1406676
192323
218651
1659607
175485
2137903
2081747
378293
814640
490679
874118
264534
3907
383439
423104
294640
366031
128638
123823
4596
672251
826121
636266
313355
317309
276658
226420
2203039
178402
1171026
394910
1392029
20492
36640
769481
430062
1133045
1091842
181683
40829
695778
453991
35275
84987
214689
924542
32844
201655
820411
582295
77427
83926
122857
626371
18551
467393
38344
293829
764868
9340
13795
540622
1221658
378114
4377
25416
949285
2149981
997097
673436
581104
143393
39619
3386001
451478
596274
1612383
1214796
28750
750214
282
1011774
227272
1273076
220252
1127002
21774
427217
1531724
540612
323972
608019
1239068
1246571
645143
433870
1004763
350144
2663320
121108
882686
759310
460391
1156363
479599
1526719
410792
469212
36399
219306
647358
1421710
776406
1180698
774152
697604
511382
1364574
1339378
414472
146848
576348
82652
1184517
1379084
881341
375123
385332
456789
378689
1467251
805929
128318
351779
219487
1373111
669749
254389
4816150
592826
1145341
457258
86099
123589
209347
965055
538518
224458
309376
323499
135141
140264
540433
363790
355399
703373
132913
102562
30333
25398
163916
351022
1436651
126111
483148
264552
905483
36601
286295
342727
2573659
496592
1237330
816003
596038
68811
259315
306136
123836
660795
616758
162086
64703
52
92783
303305
244473
199728
156719
694586
928160
6558
104739
140123
297214
17104
1245657
178314
598710
196433
145887
27334
34943
1024029
766973
257794
71729
135483
566594
6307
818178
609520
1505273
101350
361997
408717
1203545
228043
1032461
120291
471797
344774
326778
600662
532011
562966
1711929
49662
4240357
114627
848142
700457
391626
22746
675963
970760
401004
263359
558448
182594
892870
182766
73003
76802
427656
462565
3
244376
627986
213114
486089
376707
417125
325078
384533
236323
229356
293900
54720
168111
976002
404163
26587
19344
192645
357
203399
715411
293468
175978
741254
284101
401448
50407
294014
859880
95111
114303
293435
282863
158075
583950
444149
911324
144891
94309
1289463
277163
1086336
861084
915096
134262
1010600
223924
310023
337855
454831
739821
495672
55840
672010
250054
101266
866880
817687
523466
57539
86405
300951
217601
336382
6358
3610440
1658925
191081
168864
70911
59570
68946
257850
51832
389047
395841
74879
709384
1333937
54759
50010
123020
486213
104990
75881
6457
79378
102548
48215
267642
172741
595305
195505
2194
209323
248447
345
231946
17201
46388
29090
45301
141405
12497
41301
225849
18390
84560
81368
77415
165567
103315
140836
457665
230931
6215
12144
9850
376258
77828
2274511
258553
66688
126394
317982
110828
315053
305633
241313
181206
57979
254021
688290
80699
17747
148613
18843
13381
53447
7629
544054
36087
13026
103080
188100
107928
461944
51194
133106
127654
564027
332547
789101
975409
114111
47015
131473
113314
900056
829308
33180
66843
193743
1160001
477952
101225
22338
52758
32547
98612
277115
11996
7814
316278
143870
68631
94995
14318
846
84119
220223
228493
265915
153219
98686
175826
260236
108654
2106902
3381
118776
1018713
693946
256030
492149
190486
328325
330730
774875
93848
522717
57275
1119971
1006520
148316
648442
1574940
799162
1011
147348
568707
1996
2270643
535390
428786
184119
59297
33833
4837
914138
272428
43004
277242
586228
264262
149466
30783
20475
12381
581258
7055
633340
48622
89763
1822524
77517
1421295
215322
487609
22826
534449
356637
101254
1800
1322929
766769
121971
581907
249221
160275
603703
123967
622796
605327
596339
66257
718206
1100533
957551
76231
1356568
62940
624844
59590
670522
636532
700997
12216
533175
40258
139830
32772
1344173
2232175
1465188
708142
22135
578603
262092
397183
562870
129634
158114
657775
20572
1290762
200381
98604
297584
479729
69793
261944
369868
70169
2393642
426472
6191
22375
304802
287007
264851
140374
9205
311101
75317
156287
293650
79065
839
7817
64379
153186
98239
8282
4818
30471
75180
116531
207702
3902
17153
47235
677503
305432
26139
819863
103362
72802
341757
208677
76972
42320
80846
191707
14938
158858
244412
520098
352658
606731
53682
712828
158078
60820
807058
115447
149500
596966
122039
710850
1529453
396629
783875
419351
275424
284901
103233
364913
638949
271138
459599
713570
1319362
39644
291842
465472
5891
514265
641300
327346
291250
2843836
1918243
388210
169643
910221
1421569
816934
1182324
2954799
1259340
840095
380621
22018
1051011
275225
485952
158273
132303
666848
1664927
826864
20581
515457
302959
4354670
96021
11738
174361
603232
126349
317998
59964
544780
1427448
168397
1092098
277777
2135237
269036
545810
564957
649031
125496
279890
466833
963659
364765
619149
275536
236568
1221471
249128
357589
593067
15462
30073
23860
387793
1794
22585
13960
30740
2939004
47209
17076
390294
367497
294888
376106
292010
2268273
364396
401299
405021
1100057
1797463
1001642
65388
116808
654968
165364
1397478
67057
724054
90480
243871
29920
651267
351279
366644
1619859
28
112440
637410
61209
80153
860520
2940390
224714
1289470
69775
14039
401780
1050583
469706
973176
356945
701475
18567
222765
271795
71168
24024
25952
981978
945797
140614
202646
409338
167730
110190
89475
285
83061
147101
35185
474062
15656
47297
196130
64163
1123867
61188
2943688
112311
383995
284120
28758
114234
1317382
406045
80932
124617
2039955
1005433
367563
496174
351195
1395483
42773
248050
93256
122929
382152
1098517
560600
832308
118690
1291714
1209067
315828
2286526
812184
315709
14079
89075
175652
399462
272797
464264
499994
609868
295442
1376520
804726
1703648
203926
973808
255513
40980
251007
1472554
359404
791655
162723
566524
1347
864964
508964
358587
416248
47768
91350
539902
599527
999318
80196
259126
926712
478509
199922
441381
461039
80199
655525
426012
864136
56
702935
404796
194706
3524520
836801
889423
593104
262130
170340
1309675
292
923938
396174
312426
146256
61528
53762
186888
6825
214784
81086
46106
1052681
814443
57449
81029
556873
827209
330317
306936
5625
185642
463028
31
121194
16792
440966
667834
128673
1399209
507811
545047
528376
85697
1129896
490460
305439
582159
292320
55284
480482
84298
1656705
2107508
11401
610325
51128
543657
1181515
117923
326614
250111
293065
184435
43161
1176965
151334
350965
531338
276772
460544
26349
249624
95129
78
57530
135234
477921
205097
88730
45061
277998
1636989
695344
161453
362230
586781
146277
991386
412952
636126
197644
24271
1192578
708549
1073168
252816
651527
170453
5222
883984
1983
106076
930713
936012
118970
44519
187239
1434254
306014
1092952
561
27523
999102
34381
23230
39155
2085131
257350
52095
801212
470578
1499381
185295
5226062
2821986
67208
81907
714186
278853
231528
97398
2160596
421068
370276
2620
808803
153447
113469
1439140
135634
96125
830641
974754
1598463
495109
1169114
187160
1429140
346507
1492409
362733
972759
309848
419863
335103
819486
1209993
157348
2
94193
59046
717931
762324
1076504
92135
594371
214639
244558
61749
1036929
477261
1699966
42455
40375
169071
1549656
549748
141735
677397
254776
481850
929623
1188228
968274
672724
1858490
87468
89780
486411
1372178
150058
1552419
724972
680677
516644
1663178
1509288
247675
518323
33152
23740
89213
1093915
25810
238636
1827200
66109
526200
1507870
102418
1006
172321
1415371
956975
159045
2996399
340803
991242
329500
252817
1335110
307884
4715834
1348097
780283
967080
693501
209999
564035
72289
1417288
134565
755506
262675
818969
1615190
1073686
946894
859045
510398
308305
135813
240892
288071
660334
676187
74582
209750
1419193
250386
153611
6351
21354
785556
119005
19274
162689
390035
219308
364680
1410755
308116
394171
1189276
201682
987789
262780
432431
236723
438506
424713
1326479
293008
623278
764639
52065
20699
1081455
37339
7492
881614
540075
320579
10603
2117073
152148
671024
908069
40328
1421067
205106
74495
510259
588793
1098112
371361
108448
326118
329657
1035283
51033
372714
555247
643612
7591
2146793
182400
682811
167338
437837
1739727
574818
420514
1013356
943208
564813
410402
413809
315599
689946
199398
779691
368687
3495
243476
251620
590095
106315
26731
668416
320919
2399777
1861634
34009
42710
409393
582806
120803
909634
720695
524367
1231898
231441
28986
537644
855928
255413
263343
633691
322160
1080128
456436
110219
233641
52140
125227
843472
21601
620739
440528
66121
364441
1536608
355184
121791
361073
396945
502213
375859
20678
1067594
391817
1058291
172723
1657132
2746298
113271
144076
128651
144596
37883
46358
84870
21358
636176
92897
135656
1396625
22782
296210
5943
621057
151945
385620
196528
292307
62186
1254515
692963
581845
142314
697665
722126
128723
221611
15152
95069
707068
36156
109853
103118
130211
65686
467957
96833
912483
1640547
122529
471464
3449790
1006490
27
12966
245050
1115261
19918
175119
219512
33464
75658
1069982
1283269
206288
21823
201875
543749
1830577
1899959
714359
4009
85811
87428
90634
552672
5088442
56069
610434
367275
743519
45605
1121858
177715
377609
531249
2129131
93470
61150
380426
304131
3596545
1875973
334797
670769
604076
731958
2454166
122464
640249
188910
73632
142369
77073
1584235
426800
174195
717831
349306
2176986
220514
740134
1005427
2449714
261250
745178
107719
106622
1483387
556471
251628
184834
796197
2456217
524005
1472963
641977
724088
1671450
454220
39
57761
642628
623133
304474
318421
678774
189269
1002031
618400
3624943
1728273
66757
59728
236917
165745
404479
699412
286962
295085
22668
2023692
41591
144307
80441
1541010
420741
837769
68743
563619
604262
88687
985316
304478
90373
55195
202026
293996
225840
2217625
1497338
1669463
120457
51027
1959666
26504
2020391
595876
319311
1136306
577992
14668
256617
960627
243950
1002739
1860298
1050238
1713452
604678
389177
190063
128148
26848
46665
478319
469563
86480
119262
855725
756364
1184556
328488
338981
954040
923743
47468
1052891
71371
27
24317
835073
445073
359022
174298
1757024
2247749
1591980
3116211
673907
60133
838177
1970503
569355
794642
595642
1134518
142947
408825
111774
1682523
166348
1231765
83294
692507
111269
153354
618204
804712
25606
610577
65314
1252189
301
11463
756510
66342
491950
68063
196938
408195
2417087
1597180
282507
874876
506171
43173
586585
28321
520339
131360
144165
249875
117440
515691
262358
151103
695908
1558
289704
543231
147401
321
306
814245
13553
33193
24932
284629
65662
74640
73075
104412
34918
125414
423601
193222
3706
69859
271786
953559
1116699
274301
127679
33387
742765
393595
1434779
986224
9237
97530
224046
246676
5369
67776
329776
2857
3507437
659529
114329
138398
58809
2329880
119456
26356
187149
147259
933291
598845
150360
89122
622232
223538
325
438971
131810
522329
286545
482293
739229
180568
370156
42610
538437
73603
576530
1045969
348135
445528
192169
889351
947898
924327
57132
395848
145863
683368
425291
846079
781152
257149
554644
530185
684724
101993
868750
112190
541761
132295
4676
314648
178297
61431
804804
2534
257660
190913
392070
758609
8764
975483
86386
167182
1102025
2410191
149540
717564
495291
116882
648641
6809
21869
771070
47389
69471
802653
1539416
369762
522780
437839
711191
21109
292914
706779
514118
1046812
630382
516297
1435195
479208
707598
789475
1452658
29772
2721128
29704
64269
2110638
201863
2598201
684293
434822
177813
546330
78479
64417
365333
304962
753734
625970
221124
3425379
110583
372969
1843145
1203114
730669
387714
627979
864640
223187
506254
1839520
86715
479100
1469681
838689
295582
36058
5382
1440499
1130268
755474
536206
330262
297963
8595
464328
1082101
268489
978041
26570
320229
1173792
1147704
238672
313428
13061
711331
224096
25845
212338
154027
548721
121761
399704
1228221
1061326
2929732
916349
251156
270592
230075
422229
310776
390474
138358
567559
128137
836627
944250
833463
822843
274320
63959
345571
816728
221315
37326
42483
387689
54325
524923
106916
257936
19582
755760
30262
527548
1966514
44
397779
683795
723840
305341
1696009
554299
16413
171076
689975
993305
796838
2424209
14770
357
341057
678799
214454
17813
1556337
1196684
349655
1018911
1005505
143674
461300
104743
1063811
38075
204514
301739
1196399
324744
82446
490718
57173
18452
133709
1234767
138096
255470
536444
53228
79535
90745
35233
8011
1251
294259
564748
441525
167903
2397305
1428279
459612
442763
56528
631052
28954
856389
1407070
1040417
337889
638775
403113
591548
271086
1405116
56404
654739
1319756
29512
255233
361626
1512
509159
690088
90647
126813
77465
224034
352653
86485
17475
77499
155935
344646
3039092
751451
1214338
660146
2234
109668
375764
1618
823796
800360
694983
1305921
693234
43206
292421
229622
18302
298052
916
498
497810
685302
38353
229100
146625
374591
671038
1139522
166135
95423
4383
78214
174601
214388
158391
102928
204261
4970
154958
58339
1382520
67452
1156264
1404465
222395
357176
1151737
547421
70839
58439
138623
218877
306207
1089937
429538
118652
333206
454273
118872
122421
273143
1954689
1854152
150886
482805
27016
5831
21499
964759
132395
52023
44953
1013235
379456
284008
162990
373153
764383
942234
920768
93643
983378
538016
261363
324955
150582
585450
1760170
173109
706287
18971
313010
8645
208602
1521669
2720013
391912
767919
1373554
184271
72210
7355
111208
1254049
921268
184235
375909
303256
821724
741959
129485
199702
540259
793019
1232537
41271
351134
337330
1841429
255864
288044
1487388
2706866
488231
178354
193716
7921
276483
296021
131583
423040
463027
241004
5888899
325666
234342
391598
45882
81218
360215
327113
50040
28931
429190
199160
60828
59363
88396
309501
97128
24379
171680
56535
58636
66964
44424
6044
126307
31065
271518
291596
284205
513346
834660
80629
102089
1355703
98401
236310
639908
569048
155146
6065
226682
354361
948195
20630
9823
2425
320100
54602
371827
39066
745027
629661
181858
4395
962656
971915
247357
418087
770489
69029
30563
296189
573800
25195
21136
50055
274737
101496
1075643
609556
129396
6312
305507
34013
35
149283
422187
1085881
171480
557598
239591
255342
2970393
47018
70476
771653
1292485
466834
63108
171130
39768
685509
23888
2398737
190528
1393194
23811
443162
290412
467490
83299
308070
82724
30986
510000
439204
82368
205442
53722
154120
208340
20930
494922
440881
403766
366014
1697253
388108
419976
186959
399473
90876
62751
11944
105973
91924
432269
465619
150964
304946
5210
1075693
1106735
1050579
93776
2252502
437538
161758
1134467
443751
1486038
107057
747532
1550467
32081
347303
270041
216258
115029
3627275
1577354
1012451
96184
45279
21547
62578
161465
145206
1128290
337215
468558
3301
197047
219502
330339
868370
40554
73018
525880
483060
45893
878682
1790641
330000
152465
752259
466181
379725
24463
910938
618604
178091
142410
710237
19575
202476
114824
407822
264994
697269
487514
548654
598021
19615
472238
386589
56546
694123
2642973
663185
763687
282204
284445
282611
478140
29883
77905
24942
28747
52900
12621
1785
860
4140
59438
36011
226607
2887965
1615563
404621
141944
1235444
436356
174418
5187
142385
837529
4471
1432863
43
88741
41664
350071
1567535
104989
405204
202242
582165
1313707
8953
34834
13867
815925
950134
101034
576224
196054
133883
39393
112953
318081
561871
232258
78228
622468
1959813
880
47586
1003624
157436
77321
409053
1211865
580002
1045637
37726
301809
95481
187620
138948
34
485137
3650
49484
265796
89876
737423
335082
217800
490530
1350433
15728
53195
655568
48509
15115
3211
4842
16393
347107
852395
64534
216607
176764
168823
16323
225268
220968
214308
104462
1327765
962274
108056
4530
202364
53308
387087
504410
261672
2079
1766999
314178
91562
733371
1705203
1451994
129414
831233
644185
863405
1602806
20260
45348
99165
267039
1294519
128685
556749
114399
64219
174777
88398
231552
242817
3719843
296166
698908
667620
133418
726085
233957
666532
702136
705286
94854
4496
232166
60854
998124
1084693
85860
76260
484
396075
41280
1105148
169820
368964
163612
194426
58305
1680218
1036019
620221
2835238
153241
10926
945464
1750025
932967
9096
5109
32375
525349
199147
110667
93291
119129
2102479
77278
890942
231277
1980467
768142
288722
398992
369992
620805
131246
127720
574102
1002867
632074
590629
654479
2511190
60708
2668483
52
1029948
1568641
2334
685310
645912
737783
22404
460788
1601115
257986
166059
657910
434341
96886
755283
711496
78204
113350
294476
71448
210273
368720
1265375
525033
597299
503467
425989
1141757
79331
192872
107205
574797
94927
412533
9338
355887
482790
404451
355833
1660562
58739
266653
1763297
160233
75943
73118
124457
495086
1331554
1589645
471260
111379
3586543
182320
238694
739136
55861
1730632
97980
1909108
266112
1457769
236034
180890
2073909
1340727
162585
1143121
1143248
1146591
113582
863289
253848
240961
1158751
2501078
504899
431359
704926
323685
1018307
878824
54072
964222
37168
1631649
127941
15225
1643451
956171
186146
80425
90195
32251
268601
111110
236481
318743
11722
174894
71576
19942
7947
75095
296488
152234
86190
28986
73564
77301
190813
1035283
174195
111265
1948879
1088171
43206
35152
17813
237607
427228
56594
4395
720912
44889
1203554
602528
1178192
2188467
67413
491456
52633
1819485
1796711
2117509
2143440
436384
464346
738263
343670
236226
208024
90481
503519
486660
240848
223243
529956
70430
451659
316008
599873
557048
228029
861931
516189
329258
52901
391409
2269769
41251
385177
822800
1332169
93213
98149
1341597
1784718
658968
156847
17988
124345
897825
174481
153169
224605
39308
72877
65813
631745
115475
617897
78956
259493
465914
82087
124699
569210
80388
24363
460625
547853
387144
5448
89336
3902
308125
7735
405359
71724
29480
35416
270206
313870
29
23878
127079
55594
239955
1244468
287691
124650
30783
33284
233681
132807
116141
47594
75095
56872
243934
17799125
1333866
132719
494484
407445
252369
670751
47577
73023
55617
223096
485281
555787
202986
55594
127117
608491
24141
29788
71668
407508
518195
47584
3740398
199243
24870
200127
109263
524768
1327471
830391
575572
102883
1209205
253911
636087
623404
254469
68003
182064
1372208
1359250
291278
9131
103240
203677
658738
15986
826305
446972
1085362
326131
201932
289408
22427
1496855
487305
39563
372569
1375354
624963
561746
1437185
322717
84326
2765
210255
756474
31264
409860
424942
14352
21718
653970
43449
752160
620416
112438
1210285
193442
844289
458147
503886
3732795
1169785
932289
23940
303406
300343
286900
507910
62395
66550
476540
1181184
760165
37
294670
172251
504058
403270
282787
272189
137279
119380
490353
1726068
428670
680021
1436242
659503
516609
363250
426493
311274
240305
1842636
583181
509579
1698026
633387
494668
103635
489838
7495
105313
1058622
29
380356
764517
3856
51058
445595
46
32135
534
1524264
465631
282728
269628
231711
48137
14421
137348
37706
110606
534086
174255
85111
430592
600864
606727
1297084
1255349
139119
542910
39768
244819
33226
33798
81207
100006
3
34665
108644
151340
41791
1081371
173172
5233
11994
145892
264556
897467
111014
613613
210402
165192
272469
177130
535476
209637
1049674
175038
150170
277891
655095
1440501
123716
31214
508563
610913
167465
8067
237120
501312
1117166
458916
107291
309987
14340
111567
93691
40988
28902
570
38321
36552
269527
609021
8061
139703
109822
562392
304266
334478
27231
371071
252158
640507
1062
62579
5674
2814
345
29090
45301
150653
44799
55862
310978
46854
408413
174175
43713
842050
774378
257148
555817
526526
672964
55205
846014
771488
257124
556534
520224
777907
845594
826284
257165
553392
1345822
75382
845830
1117312
553254
845990
770759
257162
555201
530343
675401
55160
845867
770474
259578
556055
1342925
74385
915091
12879
157923
32251
75540
230751
20256
45349
3170
208699
7834
61697
7834
61697
87631
169566
7834
61695
143948
631
20373
18785
299264
42694
33057
183337
181002
5072
122694
801870
957505
15927
464048
710013
31810
272412
118042
220673
385591
211347
4193054
787807
5991
291653
2302999
480538
1195991
1709870
1692137
369589
87746
180
924886
209829
2451606
614122
19954
309413
36
98792
1636838
1919798
85190
235110
1067784
1985881
401023
1802859
12250
207211
1350704
746730
118088
790909
919797
195985
907413
1003930
1223212
16946
70467
10721
49245
677714
25632
259813
2387376
1012310
87494
680817
1636396
235254
1595500
78987
76442
2357812
631336
1117088
34
373122
153340
297
73728
1212879
48
405179
1532282
376817
8469267
225790
2848215
154680
330154
433769
1512520
119168
9851
45557
2353798
21787
134737
49307
162723
218044
45300
179047
2887450
1218412
31
446143
214559
792729
61935
613076
1325864
677578
78045
3823453
74994
1050174
272468
782082
315369
1101546
73773
715480
141661
309504
595353
242986
186156
375537
639831
438395
674882
215475
774230
602259
786836
619837
1110564
1594167
1430847
321698
344736
216404
32941
1754665
709141
141376
824081
77944
11157
117618
145647
2657454
664288
815025
925725
504044
1627762
628820
283408
734199
2973362
588008
79383
620404
75909
5647
741108
252498
345038
76007
80632
163077
1976561
106416
286159
70654
94424
1128817
33100
144725
398861
1528345
14836
1523018
34013
49625
591225
45761
448066
11216
99150
602689
996782
153198
24668
41
50155
55115
1047141
888325
2179141
796732
435288
365662
121599
29393
37
163856
436119
3528057
513514
73164
1161634
1924530
499286
46
42015
38575
415327
447878
564068
4332021
47936
1797768
264623
111414
541344
200177
697875
169566
7834
61695
143948
631
20373
18785
299264
42694
33057
183337
181002
5072
122694
801870
512140
6833
111403
745603
159365
73984
1542486
191928
281518
559274
1267511
874086
340871
1148021
494956
17511
2713
72539
28496
661901
400070
524836
206782
26500
493643
1215886
83170
127108
388802
998980
159464
58360
671407
387736
79190
434914
470602
372210
39697
32742
52296
32744
39697
146653
955235
16646
561396
54535
278883
414059
630386
35012098
