1007747
522488
3934004
693612
2747871
609556
106207
1454673
413286
499496
369405
476513
1093784
68224
1289614
2995887
4755232
293086
740372
598416
538900
948565
1307420
6253
1196781
20639
3709412
321297
74635
197546
1507416
3455745
1642597
887527
243335
516623
1022378
163791
2510036
625350
1372458
663685
1735543
271846
1577733
1638959
1981924
293040
692110
127682
486100
207002
147297
430175
25514
852523
507698
165948
127913
435511
192680
887453
198769
963296
301142
712899
3087459
250609
2811
205003
209049
2871468
54974
75229
136411
647172
176628
1299484
339934
83029
230901
643134
387140
966878
190226
54447
246723
789061
422317
675040
501278
153175
702244
85467
1176049
393939
575808
428571
74886
1687364
80955
79035
628478
1352232
1254943
602912
1040704
430863
881332
557086
213155
180224
424116
539126
473117
835084
656675
859811
1712981
344643
673440
3011113
705295
159775
59565
2361216
88048
497046
42140
8489
98199
3869
1148294
78915
104985
270482
295511
180069
233751
137874
2258746
285343
136233
245030
1797088
610195
90058
70188
742460
50300
129145
1020649
459941
193100
197742
475902
525065
227701
673948
1286679
332644
513448
1514684
743483
66372
727684
757188
51092
184846
15650
21717171
59692
13588
1092208
429666
845822
50732
1056260
587373
523086
231955
656296
838969
486618
406313
541642
717506
539249
196763
408399
299631
294979
268148
1123408
33280
122200
248739
63025
200903
803989
1710807
39305
813061
1409306
600357
246156
146712
123188
206270
197188
1971054
90291
967609
291011
52926
1333785
168535
248930
283929
730231
157555
222499
181654
1586444
159663
149231
204735
133211
1818442
730946
388317
3238848
225227
998153
817377
789873
37616
1386554
459868
168042
1820857
261099
1067742
158348
1365679
836907
86103
286257
626243
1411770
428099
257818
185914
418145
1363274
794618
1132922
920589
231389
1256077
124110
681869
113019
2423484
1505786
78523
8360
1840380
1784431
392737
121662
749952
504864
569520
646598
240134
66492
860495
263941
374434
27411
246242
237087
224032
352960
273664
1179439
2272371
194434
1972572
868099
2052349
1195273
359529
2051797
766638
28937
4888
82409
464283
122172
425510
1666710
356797
190661
294277
553802
1613325
57136
262754
748774
723115
76378
357534
43106
1132347
200791
897348
534704
892245
238523
4181462
2546905
50690
648464
1982714
640014
761134
1490347
2906950
1716795
260572
117884
108835
225436
1695830
735432
169330
2260370
635846
61077
457403
34672
359664
1115286
1165335
278182
146930
1327945
1395220
2379800
654904
1669539
1882206
944433
725172
980986
868586
141964
253909
893234
1810214
321624
125448
692593
3352072
96823
3206004
32441
335170
1258588
626831
1085107
42067
512919
192571
1672100
530381
1424473
68401
900840
205545
147985
347395
934453
112411
33822
10754
939276
97075
1558507
87390
1594343
610822
122659
139343
711236
62535
3403206
436360
155320
95155
280146
952105
403156
179370
2278387
8575
640439
391433
99838
8919
1643124
446281
1300224
1126221
378925
598877
1134895
2948433
2461599
414787
601568
33080
349575
1878321
1046542
1499829
1594046
1804227
262206
1923154
424333
1145789
549276
420657
302526
52307
1247202
603839
55228
2308643
73967
20197
974080
54282
516791
781813
8357
827880
539367
328805
122841
2579706
1682722
378950
1311566
1714116
425132
520822
444807
1703609
979160
6001
944602
472877
267895
2341075
1279448
311810
286067
735861
129267
4478703
79366
1071184
277325
363512
2929056
583081
4109010
785433
1393773
2824702
765524
1686297
178838
12225
49628
294994
867423
479493
532779
861642
224701
39713
109078
597964
1460762
678178
219608
1360985
981188
66346
541487
1481843
45146
1530106
897856
442524
1383700
1732318
25758
432016
1768905
110405
267987
832730
19251
486532
140520
2916146
1020421
53277
1214128
479193
11295
119498
1219575
25653
985079
1568274
124646
336437
1029411
728809
90684
2961
1410061
633600
455476
679915
281851
6087046
1072485
105231
1482607
238584
3915229
1060960
2311327
82696
843554
1449658
1753475
1667004
1428587
20168
86448
794328
15559
857495
62574
406378
1670286
500646
292348
115985
395050
165787
151225
342461
1233773
1334164
412149
750358
286328
737816
799752
85110
78301
39871
290905
217908
690592
889721
57045
249375
1325297
825728
473123
552138
90648
59804
824772
2039190
27867
128431
1843590
741291
1273070
1736456
877584
1874137
317838
145528
63495
353225
857597
495545
281124
73055
307880
562613
707183
220449
341424
274104
1702388
198251
491977
3062231
378596
698647
3582409
1995223
175872
256677
578067
1359729
2075801
378826
471172
907379
372506
450274
4098
1857460
871825
861689
2750524
227127
847847
399743
334301
1199944
3013843
1885678
929539
2575164
451997
604081
789962
1805396
283689
1200950
100153
844842
284812
57890
63488
355708
767083
2116540
65572
1040615
1090362
231169
5143
171003
268920
251991
413586
152730
79408
2184758
588008
217934
2382576
493575
628664
1980470
42858
1327023
3752060
712828
151960
8278
848460
82847
1310474
258671
1133852
244114
728763
35343
761384
349971
95861
353252
654717
1376723
208470
701991
402543
961353
450405
107677
333193
2832324
301146
87181
46030
181298
839118
1254206
149975
465537
2333812
523147
699942
241512
1341604
145205
1187055
1711364
224431
813879
20423
8317
635782
189150
73588
3461548
1039181
600908
338029
456363
420287
703768
489518
352113
188074
794584
153667
457133
1287335
284136
563177
12821
1053933
1325419
170898
239328
385540
294130
75803
174529
301041
18280
644834
103117
766208
296122
42301
84498
689189
1224999
142109
82749
569251
97515
329089
428850
796084
452637
832341
231483
500018
1117074
501614
1110533
1029095
63274
559590
114517
389225
746747
567036
248405
75259
182166
66500
692494
2077972
895556
478962
875618
649434
999741
1462159
878920
1662663
2513461
419958
697140
867161
1985989
3593974
2034702
400437
22356
919927
1077364
85620
52905
90868
962126
3542935
1859593
63714
256129
219299
1664547
603202
834841
1996718
4779
137334
52382
588073
896703
117431
373144
17617
299040
40458
202571
328021
1868862
752815
1126724
95898
310096
722318
52588
270564
212193
274325
105766
446065
44430
655643
1308283
124108
2089396
111936
115646
1474170
52294
776167
1004171
53537
483252
749878
1556241
1002952
332942
139946
84505
1142684
365004
830830
1352817
346728
193679
135951
622911
416262
1443897
240908
740152
74557
2233233
509310
350123
180698
72177
1317957
291715
727333
1222874
458785
84976
544858
405081
201886
82340
1056744
135283
35464
901296
94653
320174
584852
339304
987769
1267306
577590
649355
2034514
69448
322296
724202
1815737
56863
741431
376149
2625691
1122839
257262
35294
1032408
510846
420001
457044
1208192
363855
501609
522494
43027
980744
318237
186272
73381
1049984
212327
157675
916555
436906
10141
533532
351315
514668
249870
269046
1337080
54783
2134823
260470
908265
748814
1737193
977245
468459
82596
400509
80634
200092
1759445
564456
664483
24619
802854
1196330
77899
63024
70893
377475
638781
383919
932292
1236400
644196
724614
910484
1564131
240385
938165
473703
358762
217130
235115
1044961
377747
934483
280312
784686
202148
1178256
498628
186187
51823
124624
51060
261589
242476
81672
308018
21108
141076
554163
454254
1109981
480416
2135490
379863
419965
194461
528055
1852162
622250
1141906
2368515
250834
272854
101012
1565306
1305738
133968
626730
1161700
1801727
557782
404568
473059
1772530
647588
1703155
428077
515403
477277
161813
1900450
3263313
145614
803402
674168
1346304
200718
2273031
9184
511427
1639358
397178
885717
1035420
855504
120968
1408146
1033013
55479
820013
620147
158025
933228
450635
263344
3679705
765427
332499
1793096
399081
576604
903334
332147
116994
1597216
211459
1032010
1244666
28886
164203
108152
828105
463791
1285404
338786
552128
23735
1144334
1774057
157526
532702
422438
62710
407997
1833876
2078099
117473
958880
1302189
4333197
317626
283681
214145
19976943
567190
438845
1349311
719373
632698
214543
142505
2671417
539454
2176710
308032
1323689
646215
226757
416179
2222763
77958
335773
1938538
577995
100905
947806
355158
30205
2393899
70765
254615
1505688
136403
183052
2025434
1030997
340578
224967
139230
53840
342396
546749
1018752
221419
1571572
1161922
3342865
426495
68362
995315
2347259
674030
1354525
244492
234823
1030363
834250
1463938
1087858
389360
1959890
821083
2080110
105737
1003365
435365
1533195
493038
458284
426786
1567304
2000359
50064
2500196
436124
10889
487120
2314495
42503
3206218
4302994
1462748
76156
2897697
172288
4132164
215620
2614507
1096075
931633
202019
20012
3379877
1986950
1542267
39698
26346
1337528
846376
2319995
1034555
200419
1525109
253763
1922605
62947
1039195
996237
97118
1596446
400541
759553
4440
106898
2513365
500402
739660
87169
408955
618146
744437
228163
115862
18890
579156
641568
1142853
103342
662330
11242545
1630070
147621
17082
151200
441095
720824
550486
430999
284672
406054
85182
676166
2039027
123580
22809
2651225
431668
606004
456953
410237
164721
280127
886335
865330
1581782
503601
284542
77876
11860
2720469
374196
476071
124245
312049
868098
62798
526884
846084
280756
845843
180612
552325
659627
101066
3782092
344609
979052
607546
107105
1254649
638281
528396
805781
388359
3512690
1015125
2770063
43472
176155
18900
253647
18900
1004255
853303
1923860
735697
904246
41168
1475536
2375108
127364
317646
138465
222762
341564
631737
486113
143828
862759
160618
402158
829883
294067
995538
720346
176142
303140
1583294
307112
9178898
177337
1122335
372395
716789
1104277
1212089
332427
292528
268922
2689322
383697
1022797
100660
353875
1781642
181236
4905202
1012722
233949
2517669
251997
754576
987850
1187070
1205618
442237
1126119
983027
233039
115880
482228
341232
1190099
16491
228991
312573
288818
210008
547284
257184
269139
32249
552070
1027169
714851
1637555
2632313
844064
91652
1093739
126405
122413
593703
355259
1540811
152291
1474565
1086362
1058647
480071
9637
1797627
1150653
1134068
1490237
101134
667799
135509
3527279
1002321
1663720
130115
687648
1493193
228781
525069
1059003
1343084
8996986
283577
2605063
578851
376563
1566262
142978
240871
881322
242585
575899
427282
744927
1271990
74290
175180
836210
56448
295872
328328
288193
1604365
620268
139608
2042149
852537
294648
11792
2138559
796355
625168
437910
52157
691147
864261
256839
1053781
148475
463886
1023404
2338499
1567133
39831
96142
513441
160600
1294353
294113
2203659
130163
298765
680068
283308
967810
1250888
2258887
113599
297228
431040
674357
325883
146311
681311
48835
278606
405328
43847
216866
197293
1971508
139837
71218
277351
977871
47100
549436
452590
80571
95042
905571
1029054
1249766
1062040
90660
798828
548434
825122
1641100
1837093
899357
1088114
1728678
737808
777912
429228
98105
724848
631110
816043
287321
1510535
672054
985383
417022
576447
2171160
46633
1240189
91440
88117
47527
243447
695130
325634
284486
90503
835502
595339
309369
563841
299902
3322777
6137
987021
1443321
56754
131166
265116
1814658
148894
172871
708519
906801
64302
907232
1154930
437392
2078138
843396
737176
686361
91350
1535269
632609
857613
628781
462267
308870
652849
89514
801313
649489
5229
5259
5221
5219
4919
5220
5258
5224
5260
5252
528285
361847
230182
642076
374504
2934
2934
2932
5213
5222
5221
5224
5204
5242
816894
95518
222880
2044096
1066583
2944772
474978
283945
17089
419788
48066
3080619
2072966
360666
17031
75350
160487
421170
2458593
1038695
437081
821046
575607
1123407
1333389
1500689
399865
48150
287671
792538
132111
2095601
998194
131325
59680
312795
4176692
313760
1404442
916217
256010
90483
1314438
1422361
997013
211887
14789
1638752
194717
881964
781917
273622
862766
305490
9282
120311
1222736
338574
117824
261625
660705
799146
590804
557270
317642
357890
680988
358647
2319655
128757
801832
807768
180756
1713314
106968
79795
156185
340524
410968
469897
916009
287282
17145
128063
44779
383107
1191198
1934525
639898
496107
377168
1421754
272833
904914
8816
204423
2065686
247533
2229834
930958
16451
473849
168612
314474
1530331
43684
2346537
169707
3577637
932641
663507
28580
11182
705918
428287
32633
21977
618526
1080564
71372
71525
939530
1031059
530124
133612
351950
151161
1205659
1400669
571417
341513
901855
434238
128707
699236
222066
279620
4942
227419
6555322
603774
2441033
881850
118733
829581
1308713
83014
288690
92088
1376882
345964
758793
1239592
796567
38460
3659
1007475
365681
325143
199259
962136
2320952
156968
54415
1743096
229168
852329
392567
1174553
487341
2511714
971562
245004
1499982
541504
272136
565498
219511
543381
2854253
1899417
149512
361783
121109
77100
344681
2622796
687564
34572
201763
394316
83720
324231
2183194
14612
1177749
714168
23030
2563809
495856
135159
443766
307067
4963338
948814
202385
16368
81345
1383724
31951
1243544
713935
2632708
1267371
379325
179206
195050
193938
1022564
185634
43486
1032987
384223
210730
3458
248461
255061
49176
427409
462245
1784978
646789
798185
469650
163064
546900
60247
181472
2945863
90552
866473
737010
1586250
998697
204443
262496
938596
248792
1425447
732328
8711
124623
1679171
239097
236674
402326
2602732
52003
469870
519714
239500
174027
1180032
42012
445216
1173343
1557498
795052
756608
618683
158840
601348
627279
349827
2482
608329
184258
350052
19936
559981
92229
19410
6583
203651
163372
333417
508285
1120746
501829
1167577
294251
677163
348943
868441
772275
291493
562139
1558214
1241723
350357
408419
947823
1835716
240782
101724
150512
2173070
1192639
98722
1047895
159023
422795
73168
21266
254869
1
648457
615197
2774331
1420985
1426188
151211
344994
117617
1474605
2333438
987018
212628
1178861
1561996
2236910
205673
713806
678778
1383308
1373584
162
1037293
1155210
818795
311111
482557
79054
644835
2100685
84669
472768
3112773
90579
459337
572545
232620
36902
615712
1775212
17317
2098146
378345
108102
1323991
665318
194016
736201
429943
946998
265687
61431
1427293
468450
552282
1570433
442010
2642327
4639695
28028
77502
2382635
893147
86870
1318451
29676
255993
15842
507962
504127
145737
635778
156024
356342
859332
599824
722986
290601
153668
1425865
285058
341495
292624
1827529
127972
1011962
183526
212624
188419
508507
1134123
2727657
477277
1073357
2887106
664973
345027
407481
25475
380854
1256311
3697638
353057
1152356
860570
180205
3163547
2941473
577947
2392775
206682
476242
2994201
502758
646199
696999
3274316
511542
1131463
341174
2677381
349519
845182
865261
1746890
1198028
628932
309483
1960746
126935
413935
3226119
1710066
234053
1031975
3544354
512377
726395
16662
195124
184080
2526851
587209
4084097
751682
3028831
1731204
1436345
2590493
799172
1062071
1444552
799097
952777
1563506
113617
44453
422343
873460
410338
1080709
3529070
609937
795854
853978
866529
6592603
24322
72281
1122607
168804
857395
12132
1873711
387562
2135255
982010
186464
29786
806963
320891
889146
286231
118643
2714615
1465688
266389
879435
1012934
2460273
2359512
1159869
77864
1204827
820369
223957
1854899
526853
1356832
359059
1226607
1175585
968349
148904
179335
210392
1716845
737386
737342
1234313
263617
934757
307010
44980
191822
296216
492508
2549812
175911
2564545
604235
96741
338560
2846561
11164
1881498
467761
1104425
745960
514009
10580
830359
820127
653765
1270903
423262
747436
227446
775771
74086
157129
2003105
477900
1609705
275882
695655
86869
66923
1803846
53345
4371700
515870
44968
455502
3153428
2351995
920871
478032
565513
265060
252601
203088
106145
3579444
348585
496146
127407
3404667
1125260
369234
1666706
200968
554232
601864
737258
116761
238243
1694909
546626
1416904
1844916
69271
309411
505042
245194
326484
684076
1038476
624752
775965
612979
1229197
1838600
902200
1116465
1529468
626460
782073
607081
23674
1464744
120954
212226
254829
174432
616437
657049
235686
330729
2581855
171136
802769
427686
39182
178475
144068
64181
117968
1167613
1863033
515066
321708
1748410
47501
211109
2652926
440481
918068
2984861
34834
1162767
578161
778384
278767
121888
759912
393561
742414
954611
529349
957746
485055
1493273
220968
142560
201556
73420
927811
305999
229959
909528
402788
690631
433857
394889
482384
167107
1159147
330175
160216
425318
2914080
432509
602643
74892
1462905
15663
204456
411154
1475241
836551
13833
110560
1037323
395950
22100
139990
573658
761552
256663
159987
438407
199826
197206
198949
89146
1145331
286274
1347419
1290917
144155
1226981
354487
987421
605545
504800
1481714
1323687
144156
651024
427277
311015
1094106
166459
1279620
238649
232945
315858
18768
405719
808335
402705
450328
381459
394678
18672
1456883
2237257
639603
106711
576643
1592750
108940
667049
1185333
362221
1067948
1125425
4702699
1584927
1697438
1669676
2683167
342942
5853711
1149998
244408
862998
2712797
937819
1819992
246278
52191
319815
356193
152479
176031
1927737
9958
1103439
1036449
106890
1975175
734403
537152
1026399
338415
1006676
2274864
24665
489242
450071
625752
76450
5059704
1201411
401931
79811
705455
232026
415838
2364347
1539338
377206
44626
336582
709778
112417
4026137
90361
491484
199858
1447842
942365
1872505
106343
1431952
679713
2434238
129475
1001689
700030
2681652
310448
32762
87910
55582
563514
1293580
680780
170402
1443730
644490
151466
1270577
516396
857632
414833
744331
94456
563841
397621
57527
777463
868611
363889
1311559
793723
2397474
197
213126
22419
22369
24920
1888708
153765
262586
10096
558331
695437
972614
35913
237702
436832
1319001
865643
1726
317390
992253
485710
114044
531349
332622
1998997
984899
675753
1028404
87824
238512
54761
401671
282001
71625
897890
471909
171329
121703
213974
93335
19488
337692
695280
2044559
417663
203464
53919
44608
462312
927569
174686
225989
638979
393861
272324
183844
422783
383126
355480
698402
706890
49934
797166
2316190
1139118
2942770
794180
232767
943225
63679
317474
460354
282293
593910
54791
2831
927915
152867
870494
1416396
137190
674545
98004
3592
180179
600305
76497
2853183
1590886
1136092
335525
343263
792456
1217997
194845
144684
998863
613429
1364145
143960
498141
1717292
3530273
172233
317867
978118
2279587
414209
167424
48186
2309280
722226
177355
4311724
164381
825879
93216
127006
665407
316392
1381385
258337
547530
471904
154804
109408
667952
222087
218134
255784
240024
1934930
688011
815912
290018
15087
513846
1934078
450845
172761
1270676
528406
1067799
1635985
1485681
1644541
1447502
363340
67179
540082
641759
723063
299520
95069
191621
733124
676200
291163
10894
2774423
1668526
39477
3819276
319274
150894
1152379
1104626
30923
863845
215317
97403
539774
370173
190200
43636
616838
677554
1222687
518408
277553
662776
548795
198632
390521
1650813
3164579
305976
165159
1754708
234965
3836807
1086447
42016
484936
1225719
32519
455705
106136
207653
705742
2828749
3983397
953692
119255
39683
1065102
566294
227009
717522
466489
1703443
36113
454468
705337
3608701
2550899
206805
1374182
568784
490578
1581859
145987
1097908
620790
262710
33022
522807
23234
32973
294750
23284
202287
444721
1143762
700442
1516921
636925
391526
55116
2491572
306371
211574
10636
65381
107145
205765
496310
897374
1455602
592739
230321
414079
107950
226401
1696144
96260
3343740
1655942
512732
1268040
1941011
454001
193022
287172
430621
514927
673517
3700479
62142
608727
1123080
510067
351386
687161
677578
740029
171317
50106
1094956
1960343
941438
596760
2080092
1449734
53583
686880
1344977
225714
1554486
141244
545402
2284725
206349
439264
689069
292016
370795
297358
1449664
477802
896208
540696
70598
2769061
595413
216198
1408041
765231
162063
208791
433555
329162
3455599
2374310
38316
401129
1878606
2451494
987143
76919
596691
102493
765533
6295032
347994
86066
561314
65678
1300673
521938
543619
1597053
151512
369226
910825
324431
1589824
239661
8545
211493
2780229
180945
761046
396900
431924
273475
54724
171023
597984
166901
70949
247565
1613632
347797
1542511
246523
81116
1875948
399680
83536
468539
51058
2457221
941
434121
501355
640169
617795
232076
642931
16901
345337
359302
520348
230232
2136610
2018285
208177
438601
1140332
165674
1194392
45921
230704
575808
1046286
326643
458802
760451
2901771
1599744
100329
121787
82944
526700
1424020
678228
663002
170787
1290700
554912
1061409
445506
1186
1605988
1277613
699875
608371
854786
24574
180495
114609
224957
1720734
701549
271206
1868545
261467
225034
765148
492233
4929879
861391
1081903
1344637
232681
203153
1259873
1269364
3105568
968966
198213
730503
478981
214239
471427
21560
1009637
110675
159677
147635
1001530
267644
216399
146847
78285
1015898
2964337
162407
327772
1782437
885404
623087
1089386
960109
536276
958004
193110
318298
97015
2002008
1981818
122188
817356
157056
1087265
297210
151162
1878486
83223
488475
353208
2048499
376964
6127
1966221
514377
439050
405613
524514
222218
234948
522097
235082
954732
1136732
63330
1006393
1408748
1727220
880220
465829
93515
532847
17887
782799
237770
438907
1547671
1344513
3350531
1645601
542270
182039
443330
412462
345589
247143
307561
347796
457478
924293
539052
291148
79414
402464
170730
794374
500331
788513
188819
799006
677496
1174865
1487651
29558
619627
864765
971199
31371
81267
1371962
676579
408325
364083
217065
1037730
2196957
344780
141389
1604157
280650
72368
1080106
1362694
63299
285995
1088384
410100
620313
840570
514804
312575
152197
774835
87344
53256
222601
768471
766224
453796
1236460
903980
43462
845390
146017
486927
998960
543602
103118
261114
916646
128633
2879285
1303824
1089388
521894
278352
973793
598367
884281
479211
136561
1598958
274736
294307
303350
1072174
389235
402400
705256
242171
5113200
622270
863664
4685909
821377
1801242
344817
3668875
768819
449922
446140
1988879
1664273
206437
34208
952902
650957
112067
82980
368911
408407
480193
1818957
268189
106658
65022
2409200
790007
1752841
2294931
52466
366364
1284921
225416
246309
191785
24984
494657
167646
663592
926966
1585761
1720672
59447
1258297
301650
1151083
373614
2555290
191093
35124
1083286
277670
3543781
57333
994077
28960
248985
1030871
590352
782415
585044
160333
972403
533827
149727
2361155
40518
216555
3119114
211491
403380
419401
5561664
1940276
721773
665501
10587
302538
744187
585516
2176306
1164755
268354
2492454
1357883
344092
10864
836061
791872
580729
1273504
415083
192130
639703
1170554
533381
300134
725585
222097
320060
454722
337181
135260
68255
325967
115322
40768
196380
2003495
203059
9710
450461
101540
155884
334202
831097
29327
842025
158781
528261
395490
27162
205558
355609
1058050
2315742
638831
220970
474226
92694
382678
591466
161411
290143
81235
3696300
483189
245173
237441
774025
132298
1337931
41858
18200
254279
177162
376404
243445
205204
174612
599839
18697
1542774
34296
2368384
233744
59067
376017
176159
204274
332257
243003
1758551
515723
178731
1125702
389656
883409
366550
121733
239232
114713
697091
449561
1526506
1010150
1947457
720292
1488803
592802
191702
727945
300213
767385
124485
267273
116849
179244
127266
290462
363112
1584854
2673961
1614466
178997
1125603
536183
391885
211165
384552
1366782
1209170
173607
590314
770763
38491
587119
1307515
147335
314623
1739471
743960
509567
818177
644326
1302458
1961177
276925
59453
638911
5954310
1475282
718860
240995
252401
407841
1930191
2441917
981125
2806315
92745
903838
732541
159506
1078167
542153
959038
1505840
3136097
374476
1487920
317678
321253
1950367
393678
1090489
1778969
483898
119930
127387
218696
98319
3480827
2481609
1711594
206665
873359
282531
684129
323696
644047
291275
390077
2658271
1107196
84598
704858
3192955
586781
2019901
902230
830087
2676943
873822
1115116
136790
1411205
313367
1041125
45293
127390
1217467
524980
789621
48712
1567827
1267845
235179
559125
395619
1652125
145139
144482
3430390
765598
1492233
2117310
567616
74498
26822
1657857
306688
184955
483014
490122
1137382
494055
108486
1758181
566516
901534
27229
1128728
72616
474707
692568
390546
159449
3016756
764883
909510
426200
157160
277532
394736
521638
573069
276004
727813
1621790
1806091
313737
1778111
1888215
1083857
874957
1583096
300076
1062778
1663015
910291
994721
241928
614962
659349
833932
115112
733938
2407395
1334918
1815149
370108
1543862
282214
46160
163027
329942
1828573
2117049
130904
1625914
1316227
1653191
1171138
612218
1315941
2424540
161860
2550026
609091
50690
37845
123883
106044
458724
9591
13632
56175
518521
114648
218986
1197050
596231
1106646
65091
20958
180811
38523
648285
876662
270838
369735
30803
131133
59968
475335
520994
97741
1250483
50039
1929167
182192
379481
3129452
92382
387215
1234703
373040
790630
3491093
73569
442019
273039
1000983
571287
640162
957720
567827
721398
87413
190116
679064
477380
288142
992553
180670
215951
438340
1320332
1225612
299257
133402
1452300
325788
116191
423709
1641569
181699
1469779
494527
400094
172830
587565
361384
418734
2635186
154568
293666
43115
178070
108263
388244
849980
56614
623478
830359
67412
18318467
134737
232193
170924
769465
622950
1270570
345345
2417705
86447
9846
668965
973322
683076
3579760
311219
87825
243238
1896252
92775
145611
599701
1496500
3555
59982
1942108
1510115
664526
21345
21026
18638
98184
208438
252446
1606655
138081
934784
2104992
82987
1145523
7173
1060217
454718
163927
811429
1000692
1542044
1050376
1342973
163437
194829
139515
1626764
267370
180264
1239926
1057631
714576
318292
534298
747007
309327
1268130
325736
407624
638608
249968
1237261
1232427
935467
508370
289564
2708038
3264103
275299
1737317
214792
338156
592728
170343
2668029
78092
1386449
663469
3786607
110632
1590416
1258569
723772
1146848
363348
1995175
288287
1764105
77989
92447
49211
394978
49764
317626
307591
213640
157526
180768
10890
1729420
316653
1325314
645559
226793
2057116
385034
1126123
150336
847845
159747
221038
77760
270572
535450
24569
180370
114616
219898
1716611
662737
204524
201542
205261
114626
216622
899886
226193
584586
695262
500036
204907
114593
216290
1769326
701497
217441
278366
204936
114607
216421
114636
216327
1719687
669103
204951
114623
215758
1720186
718547
580917
73265
373198
4687466
283117
665329
1838617
721092
194557
1456879
1213463
1198240
283604
296278
2493451
1321464
326580
96304
21262
2124867
204174
3389535
643455
3923762
108825
27839
1862552
377226
816476
4817977
2263835
1392292
18133
1405960
2230909
181982
3964937
590635
5976395
575419
43532
976799
109202
43129
95760
236243
953303
1912807
4199671
1803518
2348560
4113389
1042019
568372
182432
3378933
1164348
2305735
311688
1532978
383927
1662030
334694
653325
710033
1186919
2460001
473789
8252
656270
1332437
453144
686392
119437
1348254
796401
953660
1177230
1156425
853606
293541
1048660
232660
56513
200100
365403
4986048
690794
2216466
127207
1055131
1462312
2132860
1395095
2013713
188278
125790
462861
2472829
215021
664513
20797
1335423
3755089
590302
1959445
1313284
104495
150395
711466
508337
256452
4192513
214603
658737
191678
2717721
373153
1135038
1444604
1225168
1733026
223640
251921
87827
546068
1056726
716304
318864
708959
1757032
316055
392875
292671
274073
29496
3088900
675147
1368547
195
1107966
285620
918323
459142
1
1019949
133761
34085
1027901
2050569
878459
214418
222613
133893
295659
20853
477154
12769
295369
232836
161866
77688
68950
330726
189428
178121
526132
69429
417262
482813
206874
1056487
335636
525381
364885
1153219
420465
1646614
121031
297273
394065
189751
166466
53990
409027
121019
279186
121005
409078
53983
166439
189721
94390
299908
3948
262153
30446386
