1718636
22897
67941
15223
26356
4689635
125672
29373
54897
9649
135259
218064
237187
491640
2050784
39367
57617
1120
51152
823435
58417
370796
1233157
106881
31678
778755
1943891
123657
338166
31685
208770
457312
546106
206788
570550
2060660
1595993
532137
1086663
116588
392915
228874
269048
75699
151792
557263
1136527
537139
257869
665
60782
264768
623407
28873
65590
270794
104985
312266
51439
177354
30312
88997
24235
204759
1717223
295653
774987
588
68318
12022
62493
52481
318851
158730
177004
2406797
557673
305741
80253
99391
124516
2547691
95207
951194
285619
850487
110536
3510548
67031
30017
97733
518282
845896
75336
797480
1811002
216694
1501736
195794
526189
133020
157130
1090328
143569
820983
177037
92961
3118908
652506
1789864
186390
1004213
900112
652961
20965
635720
359931
1615911
1841204
811533
536000
80930
30420
595291
75181
142674
1125563
33001
18681
679
42324
1565574
108666
107870
309187
195172
379703
350708
487468
344284
773916
1009083
403676
993908
141008
224923
548346
1141335
235842
405129
727393
158070
4241252
1771120
908080
706397
1391232
2237811
77586
1117086
494286
2779237
42681
1045759
1979628
133728
386257
328953
1541972
276881
1439354
461816
431088
321818
30351
1872784
251799
367513
728310
3062
471741
186179
45626
12082
18966
1245752
587528
558046
1410093
268041
769546
325806
184288
1057678
364933
71139
963112
47371
388096
2604136
973696
100428
60
137502
22252746
391938
48
142268
290400
521622
427811
1619041
105239
24165
243210
308930
71505
631724
126333
60672
1331416
541598
8274
104
203031
417503
3505
396326
362927
3983
217600
14349
1769111
36055
56046
193093
1683218
352471
607955
1033137
123389
289106
980269
26
1945674
315135
65364
48756
128644
5031728
331512
277087
1734867
1776353
96544
756996
178538
1335094
1063583
145171
551219
412492
840019
210988
1775165
697399
391689
340852
750083
1581600
83251
2804969
135282
1425998
418208
52456
403140
2362740
4040
783410
260401
1768615
883742
26738
682949
424544
361788
312673
37
667214
351370
969862
743960
2928476
3989
506266
892716
49045
818977
271278
38
1504243
567357
93022
26712
775648
719612
207519
158220
407286
362488
994999
2507614
156560
632065
42425
486416
37305
1655878
5535918
1970668
765239
1077477
310513
14134
869657
632740
179852
8839
78583
76829
726905
80875
132688
965431
274817
1181418
1044217
483071
155575
1525868
307220
2046721
130308
8040
40155
62669
20570
299
52810
135988
251405
4414
2656
370640
171963
187291
238869
524341
933386
210392
471571
678667
42896
77953
1224297
297932
1852953
1392593
621273
574037
1070261
106051
44772
222414
352522
621669
502894
955813
491684
336317
149057
1043632
1186822
570082
886279
671121
255390
4714
759596
1307826
2098483
28656
8978
294303
22777
35095
45551
37438
274326
691840
82548
802516
385444
96971
1316580
593643
99861
445347
1811117
889515
1795802
1604627
1265447
1134146
248391
290825
510339
32
285591
6053
1378551
1268647
397663
496099
521722
384163
896841
76601
917640
633411
802560
486622
8914
1141758
173236
168992
7054188
1348847
71303
349148
147410
20979
31707
302825
13436
42479
1082487
2527207
338486
31675
1158306
1626422
135351
447235
163758
614139
97260
425862
489397
1201126
522935
50928
439884
1864154
420120
281834
2985288
635708
745258
701489
3574264
263530
158633
313621
2863175
576823
1478964
123934
96345
227974
306195
1738659
115590
2855250
247346
1460738
783593
593422
290506
1226825
19417
202709
378790
1586298
439125
1190206
3663393
195344
151439
62332
226088
48739
238296
284813
474965
228963
749262
1020363
1218035
440719
468595
934774
181195
748788
568702
294570
156890
1530954
589900
49844
34615
84987
98146
344185
200824
311
102293
2731589
375771
6045
3182645
597637
664356
90475
262703
1220296
2194226
1123413
420241
42
18990
480812
498114
1662691
679129
2120455
34635
471942
1041736
272464
1017956
83822
1589783
1464854
2943961
573288
160261
184579
118041
55740
851668
62314
733694
538468
464949
125042
216672
1288673
508807
35553
2235116
1242032
145981
92860
4886
977
384721
458243
1609134
502262
2980090
80024
1471577
2386102
3260537
2282353
37420
637016
780605
925515
638643
1004309
955125
398591
858268
2203637
754374
398556
803301
209545
3529960
277397
28416
44641
31974
280806
12901
330137
22409
680690
99844
216370
273447
192073
220850
57274
147675
1498576
538987
1854116
461387
87725
315497
280
143701
205808
291720
111430
210739
41189
117334
49868
298700
1547954
5428127
3947
866091
221455
90794
405666
799897
50543
17074
529855
408933
784209
246646
144924
4033
291360
428884
1010575
24389
990864
91782
126291
46639
21237
80214
23855
2585922
15566
142711
46
152201
510505
665244
181115
106000
22101
76903
734163
330773
1115268
1323646
396894
508980
219219
673694
971989
288257
4835
600599
164331
2295608
24745
1352852
668629
901278
366152
549251
575412
123904
1349153
1013778
289177
46715
912219
311806
191348
1664604
1060808
2546552
1528840
1363631
1295814
526905
771389
915767
1039014
1103652
50812
56380
153566
697912
283663
1690961
308696
26
1905078
28164
617619
2636010
105904
737231
621486
78399
3237071
1321532
3368579
1701908
19568
395708
1835385
1129158
626785
199678
97842
1320415
673735
2068841
1834875
854260
152154
173561
75060
697306
2291620
641817
6068
265706
30966
704162
365311
171672
187124
1424244
704275
109459
71019
778738
70284
1272238
398349
12287
205964
13869
972274
204412
50042
300568
281813
1185861
265545
82361
227857
5549
511801
493257
923969
64353
32563
1390930
1614861
1274737
1351653
1410982
179835
1246524
596350
289930
869024
1838963
692018
186447
1612157
2397370
299578
301008
318084
305111
7715
136137
235149
1226637
5332388
1301749
1412244
1444800
586577
304189
2600379
1137593
46361
1055542
46363
60
932102
362197
11448
194840
52540
540395
614424
39942
72084
157463
388819
7179
2018606
202253
126396
237483
851303
73864
1374410
456266
166588
681366
91896
470731
302376
444266
1330397
772675
481787
629388
3763684
865649
1156313
588704
1414410
878836
299
1611720
821958
133482
1504321
2212800
1166898
979407
690900
469363
26
239410
90000
485388
248414
210239
164065
28
743175
305408
593084
755746
232654
6398745
142868
169903
4748
296664
1101022
204355
680518
2110540
617875
144277
2101970
51579
228675
473253
1215051
104731
571352
959195
12181
3067
1555044
1082843
141208
65575
3173705
1609824
369366
1291655
849772
1135644
465231
1635899
766219
1758573
13417
218868
840265
92109
772462
154368
170694
540368
172463
300
321824
80306
232743
528226
370662
48273
155065
386759
8746
81234
87384
30784
8244
89600
376576
161448
12460
7720
111337
108093
523924
578335
276476
24944
234737
647050
4546
1098338
95143
673276
1123779
3183681
188279
238710
1281938
53439
13952
35970
692249
141191
824401
15378
109403
26849
310053
439537
589721
50426
67896
29773
78402
360976
110248
853739
192903
274690
436352
474422
1558959
822977
281374
3685348
11061
207705
170559
839166
543338
164370
356959
119336
1759092
766491
658038
768479
621084
749854
1335407
1130245
2002234
1260399
2220184
34560
250613
1470907
2465
178497
621847
1750453
74794
397
184152
279305
1462166
441299
184640
170604
2713342
1047178
2504541
987834
266884
2694392
249069
654406
1044050
130926
1278716
394487
881421
763165
2277456
11445
142656
3638569
187209
1272333
2104175
909160
1024012
2079894
296723
356651
3307343
578494
662415
184779
56584
56119
45439
185502
1147412
868288
526325
657294
349772
473464
1397935
519226
137018
909123
201952
875816
9293
344094
692220
841253
744684
265207
2064042
1295344
673462
824399
233816
567143
269795
2409100
18036
2225797
1297899
314484
61695
254779
1054301
725336
843353
112868
1424602
168217
6942
1232953
5079713
217899
1229662
164091
96716
426812
37670
1501798
1546889
313996
37835
109911
152743
274987
2228804
803201
448610
540719
133
2464036
1651181
909446
542355
234124
1002607
92195
3292074
3842
21999
22446
135022
889128
2133075
379201
1208829
88130
4520018
179415
330655
1148428
782303
224777
1825755
1149047
497767
435578
110621
2154538
351247
645698
594857
809742
370590
1731080
702607
267816
52629
46273
475049
413947
1087155
2202992
861808
1319725
1191526
189113
489521
1842491
766497
1547224
19307
353097
209435
1364949
1527815
32001
123390
1598970
83073
1483202
514205
173781
784845
1485385
828412
85040
5171
95379
1274369
1238417
853355
249357
89989
913526
456640
373905
805277
426784
609972
942785
153031
359567
172601
568951
445972
1211
440755
1212
13186
177487
338349
7519
19178
36237
173952
104895
101973
6123
5046
4426
178454
63608
274511
151685
106078
314148
164187
43070
322117
173579
1192723
596381
349467
234282
127669
915587
6127
5041
4396
34659
4398
5043
6131
332078
36
7517
76007
207057
210662
67273
213382
227409
599876
452923
554473
485086
640877
1234183
1114901
127558
6275
219521
975242
332970
9537
70693
651124
1088464
197466
300090
82103
1538569
110595
93740
172696
813754
162314
920009
142801
221027
948664
271698
186729
1937876
1410459
480060
1810711
260210
629050
535331
526733
307427
190111
1340944
104185
153028
1468677
26873
36
253942
103382
32841
333050
1138722
1491242
535609
517284
146583
825378
956918
566444
915209
1046969
102627
37663
401280
1180554
159938
481916
286074
306841
127642
568696
262860
318029
213885
376441
1330874
26895
1296412
956616
590148
899018
290392
96935
176388
414305
549652
3935
2391875
175887
1508781
499783
288198
910127
3663229
9041
400500
118210
665844
1157180
1275844
975116
3523874
45091
1935351
1413346
775415
1156382
238407
79013
1934214
69941
195546
28
414530
38678
583724
318117
128241
62619
259720
123218
45914
54196
86265
666616
110303
118709
11566
114277
204806
723753
33489
123198
684085
384707
298810
804810
2360403
2509392
257656
2290947
106129
180168
581017
136872
59184
331759
12760
35312
203352
77788
927438
259
1200024
120449
31
782477
401602
103417
2081665
431207
123941
399883
1225137
593814
423534
830559
133651
1225110
912978
251712
395017
231041
113862
279538
505891
137859
387351
213600
324420
45582
106992
367295
857988
170454
17661
518024
17655
386430
17655
896586
310191
703768
280088
366570
10723776
463861
1349689
1738993
294938
134155
653762
439093
1009134
573238
1106571
1555533
199515
819652
347245
1467683
63116
2661192
7855
1052097
419859
595925
159467
198504
190009
636541
390861
2120827
409519
411181
358717
336320
96583
354860
50204
17769
40823
78558
583558
251158
350891
228728
161343
103402
533437
452750
835941
28986
1598354
178822
298386
172613
158524
26394
14611
569943
330518
276265
186741
748226
424577
168265
753826
1635704
125694
316235
1747663
1005421
608947
592559
2315054
486914
260948
92480
679580
654430
11869
1
431941
210587
74370
126765
312042
560421
17652
443300
164215
68503
23439
445
8059
17522
275017
122955
11122
1768
128520
48448
602028
32510
283558
63114
480336
362114
33828
314796
505903
46270
51894
767544
1418606
59352
201838
70391
411096
80236
215631
186871
136436
196104
233147
542060
691317
610593
872691
305815
941068
2749
6723
103288
239581
117782
32
1114246
280989
8593
551375
274884
24817
352373
475861
247684
223213
642276
1220005
383270
294019
1483092
51438
874
294030
159594
287257
8549
504387
95020
161328
284946
16193
23129
4631682
1449662
57203
65369
4870
543554
51875
901665
578821
216168
789677
68615
94144
57692
127851
47232
771626
915820
358720
655640
751303
214125
50535
940599
1523931
1523
32261
1645798
38283
70718
673038
661375
615
261361
74793
614475
7630
48080
290919
60608
34742
27686
55966
22537
217737
285920
411389
601361
92800
785445
764277
217297
504164
610949
324819
114623
170424
359093
42692
237251
169442
96979
187891
389649
1371430
1238139
1975785
1126957
601
1559133
567661
712467
1030899
1117602
236077
301813
67855
563173
111498
516499
1781528
344011
524549
736322
655209
139090
115328
569466
76144
270729
443180
1634332
532561
451872
654702
880831
333305
726188
14814
55866
120370
294581
1560020
217514
45298
360600
543055
26461
628783
98565
387602
148615
1233408
68626
1302237
87382
933914
1182589
274494
195173
268085
2026437
342542
49373
572845
27927
1132199
1538728
807121
178243
27501
1598
63799
1288430
362274
54
170941
108244
1837787
363673
142802
238373
53625
947321
827695
1267590
263349
65619
6289377
401362
1034348
169126
29404
77833
64190
1830111
468536
32393
3240317
4269454
832376
25544
2666331
91148
1790408
3198790
907638
396743
828881
177645
1902243
26387
140129
348226
272268
1439304
227401
371460
544894
788739
1175849
125035
458063
67
1069357
881457
733554
1257293
1669970
220678
1008657
1002289
1122984
1842383
976152
1121663
558796
65510
260584
231576
331512
242484
385724
52645
1771305
89022
284720
1403119
613818
286760
55829
40462
2376163
813524
1748271
17728
1762882
114919
1064528
505288
252532
240183
169074
314133
133493
172815
475526
111878
791410
455732
522162
196519
30757
119373
255940
46426
76234
127583
425531
500100
188237
467983
32328
22985
188338
93444
926699
13278
281427
282004
494009
476464
396317
534445
291561
141957
380783
55294
304
7195
10660
47105
322317
307871
715422
101310
54938
131339
216076
54453
59322
234102
6744
830381
324123
88324
765304
12577
272172
21335
589881
1074529
309885
158236
115169
247256
297103
212322
502006
72572
101345
118042
309409
12543
127099
7831
35988
337665
120937
77660
280739
109965
381850
95923
50826
897853
210641
377181
128255
312335
312
4710
492984
46798
4770763
2928005
406987
1612533
9469
652299
247470
29055
538691
299498
428740
243291
23741
220752
1282
56472
169173
818654
114758
480946
251341
489075
199305
612948
817820
1668216
19869
217633
1179502
525510
44012
412131
692893
77589
54941
580788
922092
295504
85207
100780
65010
125381
1273328
683551
1014
309864
78933
437942
140896
66680
155918
494886
269729
1138579
388560
14226
21591
85963
9459
633006
213594
81932
45256
679965
587205
631062
335834
157316
555108
241205
58210
451887
316802
36420
13819
47489
496675
129356
975424
993023
81229
1269703
105106
1197590
101328
1180718
132980
2867025
314244
1093299
54150
1902485
1699071
758641
3760510
740282
585836
1318893
690226
179158
464786
1327433
19131
147760
194417
119482
1519638
1389399
4635358
41413
191043
1107020
187483
3404328
717766
100292
892291
49216
13538
80525
214545
386646
2110704
653726
76889
319538
78654
133006
849019
610957
2712999
224628
150548
107973
417524
375504
304489
899396
598155
90236
448258
124267
1601971
162828
112433
19537
9364
375908
2670223
4308
5070581
194188
1170003
7962
183771
87973
439841
1251282
708733
508254
142344
173817
903512
103427
2246008
1418871
1013489
159790
137086
717976
837724
25896
239605
5052
379190
1006511
40785
1004954
233381
452980
229760
2495476
674374
679359
387952
1334099
617258
43929
63643
1084561
1602175
184843
260569
516037
1304824
361932
4717
757403
432844
499827
1574162
4700496
69872
2502170
465941
314400
493116
604114
1933016
240338
467769
27202
96429
220219
1687939
868533
40617
2149029
22107
468562
145919
448845
536974
521745
1945009
2116585
1542633
207185
26
423743
247954
2232297
1306883
2560194
1741054
808264
304958
129270
988833
207650
112697
373329
138851
171524
340422
483381
263996
907975
10770
293842
59014
146719
139158
47178
409996
103097
10748
398623
3731
92406
172578
6596
57828
827287
48920
920935
1438334
51566
3992779
428877
3019356
1187851
213264
1205689
201338
961758
237633
58826
2864629
336988
1156577
3084
761574
110397
947243
997749
14214
198440
858631
406074
2019555
1173392
126808
293930
2209170
1474404
255532
1148836
104036
313688
2510959
2111585
204464
88737
27195
15034
2405647
186498
587839
417352
229554
217093
1202738
351071
17873
330283
1588201
301660
534246
2731738
1161645
412876
267993
395589
1148828
338771
2767110
578330
121715
2090379
92090
575650
1893
121610
671173
130601
1878991
223328
90999
529622
1137130
272644
3409764
406548
4642
795047
363562
102042
794621
527358
92624
105640
390743
268878
162382
271591
974927
383872
200089
404121
329582
408297
1423418
127743
375575
364420
253459
953397
361695
2082424
2264030
289728
455597
818700
1130113
545580
974338
70554
38052
2632530
647062
205517
163428
437033
1854905
777688
913223
394695
292940
76031
977079
1179180
626241
815937
81176
87114
683651
456856
502932
666799
3628
23061
620356
203122
1597485
4172567
388389
38880
815903
776309
461077
16114
65157
170908
385276
391733
136311
75243
422329
152739
663266
1257228
123027
1088533
440508
1751110
529218
932647
109619
1187315
922909
520391
3141971
3116313
686612
416954
256305
1905498
7498760
1149955
25350
41255
679826
407631
456999
805491
502317
5664
775474
207817
143922
180241
1035369
462806
71017
1878392
88777
844944
817205
505226
3109650
70425
1656885
154531
78165
1163607
244496
607451
180557
2035224
133658
210825
1064270
967703
793251
162281
483612
1713894
33
281027
392281
770321
48401
77066
461348
26105
663652
40028
1170529
967312
41410
120294
1269564
462196
41411
503125
182755
1221445
573117
2905011
65937
870252
221870
214927
3409864
343586
185334
92316
245239
485716
974811
650811
1204312
1342961
344250
1299626
1060719
63131
142995
385549
715526
78088
1633125
46496
1044155
765287
119377
437047
320143
1257557
59895
568004
880191
40
2330026
488103
271810
14643
230928
1374161
115323
1018797
157420
672777
148253
9014
159471
1371655
651586
703412
83847
156478
61692
251029
554257
91451
534161
766205
148043
113502
110954
259195
4581
59433
690
34355
708
147682
682
34703
690
165784
145485
156071
131319
9429
211689
53828
116994
181197
86551
2410
652196
692
51577
111444
375302
161908
42557
82791
731
701
156132
699
695
80233
121194
49759
53431
836011
147461
44
547011
21857
710257
23369
286635
61612
425262
11538
206643
1481
357653
22599
1304946
76543
43224
849503
322670
694278
185911
78507
36
25031
79362
438702
117108
543419
1420340
75327
94845
101917
112663
312052
213415
29289
678003
783374
1142298
344109
384753
2575678
84004
561807
436139
19957
699193
328534
225104
78684
62112
98964
8692
14
127527
137778
96247
126429
189243
7211
97807
302417
576551
138535
408810
1489653
1917212
209950
1399961
714536
954399
505646
76379
92599
31466
720
41377
66189
158286
889658
2048746
120178
1225534
529184
122425
166601
494767
512831
210633
1497149
312128
1255959
63262
152047
13826
251800
55047
17188
55831
7293
40538
454230
227029
751104
64690
34339
330472
1350277
4939177
1509560
30872
1157388
59736
2931980
1636108
1121311
865816
722568
2213118
1201141
1365809
74651
488754
1613864
1557423
456035
1621680
238016
2274011
411487
973125
726357
1056148
730804
664726
855589
120866
27753
53674
925693
297
408027
428173
437763
70886
493817
187607
99995
453826
157497
472798
122733
763084
784602
346463
61275
130749
2613224
51829
140244
309273
104725
475712
1828622
2393188
463725
2998457
740104
63220
49847
258500
13205
160711
799039
1
325018
42762
2217756
1145689
1183186
618073
209764
145485
122715
1357105
397838
265851
574367
920790
2860789
354881
566353
1312712
386242
845449
471060
12816
416874
25221
521255
2443142
879779
30212
25634
425266
77447
401172
498073
138809
38621
706940
4205156
759271
1410694
331259
1880276
1354978
302398
354853
1960839
654611
207148
70711
784623
989855
234392
136818
869478
273355
545586
653197
996606
176468
154624
551370
921535
512686
99596
248709
64486
141230
557353
74955
23970
1377242
188036
101843
1436508
2637087
970098
2344069
122101
746670
3484057
1029015
601942
1165225
14126
89608
54082
98743
209362
15566
78642
18171
755031
119955
270118
731887
1229878
922342
624463
46087
806719
1679778
423386
256902
576447
8492
548346
745156
2561375
1146872
185686
179549
242056
106574
67348
833795
123305
849991
125033
3481908
42006
198789
475844
183873
788152
996
146415
1231829
625391
310991
153997
309935
107583
237544
50260
1666966
924170
336252
120952
2625512
1038082
154421
1279036
152396
512059
912119
1681444
1161005
477524
253385
671980
1436184
1037084
1303121
1031335
9168
168488
322236
643432
1973111
433495
1051844
2184038
154316
987293
1347502
526504
200361
1070947
292275
233761
206089
746527
440298
396437
4144980
18289
326302
512972
718997
1161524
105203
1049494
2870358
964002
74101
881198
3008
35577
378060
83249
359987
287768
42334
80183
919477
923917
1705034
90805
157946
2093809
1508590
362130
965765
1196162
368504
1013778
683559
1602209
3022326
939187
363791
298845
416447
23545
932174
969625
1939856
152753
154159
294727
98088
789510
376521
432396
439839
574527
294071
541936
39456
697119
254932
285247
94507
944583
359289
607898
40905
164217
159622
1634873
305191
435863
654962
185400
462664
475001
76194
211134
501089
958030
428598
490597
320744
115344
1133908
335855
874106
402830
465378
1152842
511055
1688998
527931
100784
4868959
15603
765038
47214
1724424
781542
34687
578817
28218
74680
179542
612823
474444
6375438
119334
551865
422876
945253
378702
1533350
2492028
2243893
2284744
824247
2261156
254157
2329961
965705
321669
118612
338532
966213
508042
806247
2903830
34898
313316
949380
1760377
1874847
131370
1439752
179530
872028
328740
52266
1326125
3246974
403079
518995
671434
44
980933
372183
797841
348562
98325
246631
922519
759543
825794
678902
698932
434680
425832
1293325
298232
247965
416421
182416
6883
345536
75093
93836
9150
45152
90622
432192
4734945
416452
753861
666787
1611193
995615
301780
3381231
1723870
70725
660911
143529
441535
306605
61813
1048779
921130
425395
69648
2278032
1171591
148111
350297
189636
130799
42698
473022
254625
1947554
12241
10574
219115
75002
97068
2057801
892744
1496873
117962
121880
1648814
322656
651832
741290
321641
2201239
531396
137832
158867
218235
12487
126962
1230615
314805
510336
469013
973573
42614
2066754
2695421
1178790
730235
27
474452
76906
1576613
1440051
310
73971
22981
331419
3183396
485297
191308
535404
75430
485840
1061965
133733
497537
462545
688831
1356018
478163
320821
25745
1895911
219943
1395287
1053014
80303
168201
3495701
87225
306500
1093371
239663
319738
341322
150161
77701
15968
575804
70702
489619
161131
437193
216364
480954
334444
493004
264285
133627
161740
412284
807066
456788
1665050
717532
7709
2844109
804180
226857
268557
35
35541
235529
258469
246668
44604
71793
488371
1693195
1895287
224601
294802
195092
343845
337601
1998796
199470
248718
73590
934885
1161697
242225
500082
1126820
742716
1785857
323546
102716
42009
987
35379
324930
205265
31
81150
200995
32573
718843
361879
2483091
69710
196344
330484
20376
70332
176855
903009
765401
245622
2610976
96626
126016
913606
866282
906502
58411
624165
381926
631282
1343475
23117
121070
20600
336318
34261
850181
611351
725641
6023503
1371051
179669
372059
483859
1325692
1031964
522851
755303
124
1803909
249772
952195
754508
650923
226393
107488
2051943
234540
187714
264431
24061
144531
548973
1130226
1911679
924680
46594
828240
46646
620750
56575
24135
156731
2841891
119089
86014
657502
1247067
21181
67876
746012
2214270
338531
822984
625345
4399500
197224
3637433
1119330
320499
133454
597664
24711
2314815
261782
1858216
30317
3342169
1047590
436264
1258152
1097502
3366851
59226
506114
443288
25788
2307350
1408604
1119825
428390
1078409
449271
248293
1547823
86069
9484
693483
156903
2601236
133313
481564
550640
755146
2525251
26
1317346
289756
337726
89423
68422
300946
316318
704985
647377
1533289
47019
350653
1112273
1122261
13237
1526769
285830
84961
1274183
28151
838921
1123758
121345
178265
69825
256348
832642
197371
1683121
265632
420157
231077
3836
1432572
956190
164029
1515165
72635
717975
975879
2210890
47254
2310
3344817
1035699
292
1354747
733181
113434
628966
3621775
975224
1511463
1077966
935229
69386
609115
142659
101503
110486
814497
844054
534469
127653
88027
240042
3315723
850
103546
719175
137114
1148580
107695
536556
494556
110345
444169
277149
511133
3433
370924
287
225785
554148
128555
188398
123375
398262
282017
213514
462606
125828
18061
7052
39162
54682
56819
330009
276995
779207
344720
175858
532063
658519
291456
1304064
9881
1004046
1288297
1687346
483307
397980
5128072
1685905
260158
96319
143378
139083
1176585
430994
208343
539993
944567
206404
404700
4196
74118
158154
8698
2669180
117562
219219
1511152
2266545
415192
62206
77827
605941
516652
541576
549900
315878
194568
363340
79896
218744
288587
117
272248
302320
478247
1056184
504986
1871364
26348
280075
300473
21498
202404
625614
1155896
1353873
760272
82021
6638
163213
585579
50812
162867
179378
76832
418674
2763745
1527516
1666019
1062204
1611373
1731887
161904
470552
551300
2095230
3141051
1080832
1645354
363606
1208644
468
562125
495392
109789
72329
433425
229150
963850
458594
154566
1249705
277202
4510840
695926
1254218
347003
1293203
623325
2443587
363369
2057232
1312325
946518
1073353
581828
76663
291451
396808
149748
1633473
83733
37653
685348
717840
1027092
305489
536144
155760
29
1043029
166494
78066
116512
263721
1109898
66334
1335770
65559
40688
1419744
507430
55632
1843355
856679
366664
1299248
490728
415291
1114742
1088591
210947
288025
402406
242269
631614
1202038
388054
284110
255113
189484
120792
25102
1677691
1279086
183746
118423
490400
1313178
1113789
1400392
984917
244558
101209
1216600
20144
9713
3727
531834
492620
95877
582391
593971
600159
152128
612737
2373281
1482033
530352
1354719
93209
147235
374050
417731
782460
773062
813824
102471
297694
110349
36887
259075
2966983
293727
1007814
43458
18461
90636
66492
347217
263026
93414
253741
104315
500449
905956
472210
197492
2356113
183290
627800
1200147
204537
261615
1931401
77462
398725
75102
144473
2616760
1327431
837
179617
686922
1038148
2261530
171534
547059
508450
25386
3290637
256079
50829
66080
396011
692526
770570
375982
639396
73465
72624
31627
1564265
130188
1371545
1284173
276150
1145087
132383
191026
8381
467877
246873
2139057
125662
180986
38706
13584
172935
27221
333566
361226
74680
27194
2413067
683240
1015704
1878916
133484
458486
506356
90613
738120
475159
1000224
70125
236470
351082
258571
560459
43681
345557
263323
50
3568295
884299
631434
237414
1882196
1314144
843758
560480
800990
2599465
814041
699868
342041
459348
1712388
1532966
85112
661355
609741
1293113
60876
1284856
300682
1165511
2015832
148764
186217
2513174
345477
33781
1402587
268224
757387
1747592
94069
503580
382907
191923
738436
1344187
191268
205595
103917
50934
124498
10125
1004650
26928
96863
4532028
236552
191503
743048
196949
24568
148494
289992
33054
412906
366728
73886
176083
42346
201495
447581
94060
379559
50176
303468
4249
17670
53855
73830
119986
240357
64183
287331
48307
38678
18580
148281
618562
113526
286594
1166694
46788
463720
899058
32669
52949
303082
439622
563340
383110
146101
70740
399803
368768
39168
326872
88886
610860
117049
355036
61088
258752
381074
81658
102572
246547
178528
192368
1017331
332231
160775
965024
1935
34729
155723
138233
792663
212258
95077
16850
428039
917679
40042
1002479
512919
553938
644442
150417
1471395
26
16116
1002092
1354321
1119338
1932463
366478
4967560
140956
270649
108044
339522
73755
104341
277905
432019
706161
453324
185708
3384
187986
37459
15973
262233
488862
175792
1028819
2160908
527765
237497
257205
1147031
2463554
110818
707205
140925
1190665
2886568
420074
1925823
1585664
757042
871340
3636294
625974
595361
297799
556629
375534
718925
1065925
920397
251965
196478
1021400
38735
95523
777739
406042
217433
384404
1193809
40405
1581529
786509
111083
433828
101502
162825
1177130
817830
2013083
144591
449432
1740414
871169
236173
1044070
922540
602414
285420
1268278
172969
858158
225025
3191
8149
12579
34
223256
563462
273600
1081556
11540
636528
1500327
237271
400977
367660
616758
2695124
89401
785726
532114
132085
662818
107122
2211669
842534
16110
1246405
289632
1239323
127988
15610
377947
2422909
568650
58769
756082
871301
226719
142050
408349
661852
1006342
1457083
922651
1513728
271556
2380884
38136
180533
1683111
464829
1203891
139959
1501211
1881963
39927
695274
408538
1299714
38357
627017
1144106
673707
955540
246761
444833
1604055
111987
1589681
850771
936047
250466
217319
258019
168956
131692
191614
465643
3435172
341417
351476
109090
326
307930
55705
3017867
1113455
696178
117311
779926
80433
1949261
334873
2208425
114431
2094391
77499
1480384
799242
112575
1275944
627720
454975
481092
98280
139167
267973
46879
29077
783011
1649590
673469
2024068
2396587
822834
62
420855
2112600
2007599
265007
342176
309975
995606
4078055
851605
645483
791290
387210
3818857
833302
1466033
227715
127339
333327
211919
894139
629103
2013171
27941
757148
1133717
206435
471491
752597
184501
3313429
23436
1330643
991772
84875
588045
481141
1329030
1618729
2665094
410730
186733
484661
587007
20381
142358
182099
1235398
763862
619351
183456
243831
1855142
68784
6888
714736
1763434
260956
751043
1707287
476590
1938378
9066
442727
506403
27816
712914
481315
648805
442169
58519
2766719
1043146
1075360
189443
50991
131497
1430287
500040
401694
153261
40394
1218706
184821
1134142
581647
398032
462854
393001
220567
85662
170331
62944
364813
46552
1107640
62205
684190
509057
1482292
638444
218381
534145
78917
645568
4879
2703
90241
1863375
1300603
688563
902308
119516
1164588
359934
53268
87349
1115328
118899
604463
621632
531256
28655
41801
396510
70238
601120
2007216
963507
508683
131228
411450
584603
1257648
167578
1177
272749
14166
236436
197271
645449
1160273
894401
36371
2413798
190466
560289
601593
1756122
347916
575113
315704
163471
989742
474434
1753384
121399
1669429
614550
719132
18219
518602
36603
1410629
470205
158668
10398
219889
49986
736737
198988
1415416
17020
149898
276314
176103
614
116610
25991
438911
689662
496802
80501
493662
21747
59550
224592
103236
605
117615
26258
834694
17646219
187991
87322
840709
37576
66460
17020
545693
25994
140981
845716
495873
717033
1367781
439210
25998
104954
616
108576
49878
235879
59523
21746
124434
17030
104643
936078
114272
491175
7358
478111
3879
844563
545539
1094622
4738505
1039097
410096
411535
824687
1964378
36527
94781
194297
94340
59292
2741278
815727
999165
391386
47765
459216
873099
39683
488
20088
52432
1605179
1728189
237270
471048
233096
107284
409170
905765
472788
72456
332200
1170785
556052
2888310
67469
46
2678150
1264
1529621
3224821
427824
1241795
139170
155027
63568
375879
450905
354758
260010
263972
183437
582916
345136
869761
225043
2225540
232011
213200
538646
596930
1894927
1592181
411090
249822
711168
2196037
77400
758880
389540
72238
2090676
230934
98787
657739
164645
216057
10716
1003649
143583
187409
651322
385576
306804
8273
402049
583195
1725097
1570104
282692
228558
836649
758875
3012
61635
38304
83829
62042
489514
114858
173781
784845
6134
5042
4416
34951
4398
5043
6131
108052
102322
6123
5046
4426
31837
611737
6133
5042
4412
34831
4398
5043
6128
622852
211101
67294
222003
227431
693769
360615
554588
484385
570297
101973
6123
5046
4426
447965
59120
144051
195447
347035
12760
35313
203340
77803
930361
259
33489
98063
217628
1061686
214157
50859
942071
1322869
1523
32261
53916
131507
23439
445
8059
17522
799407
132997
54780
250650
15426
568457
334473
27226
585312
436803
587418
147478
44
102360
23369
97161
22440
46585
151345
46583
602327
62340
73597
605955
509950
541520
552632
310766
194517
324371
79908
218528
182558
352754
301639
746529
507028
541480
553413
304322
194532
356984
79848
218494
563958
302291
140328
605565
512199
591074
550206
310415
194534
443473
218746
675910
302437
62323
683716
595345
541537
550001
313680
194492
363500
79878
218475
518833
439238
62207
77824
605874
437580
68443
541531
866869
194516
330739
79858
218591
178596
353907
302430
62320
77864
1112357
543417
552568
311729
194585
365227
94912
218458
644850
351749
433198
116228
29029
61447
9955
8234
203871
7586
28353
391803
121263
473766
5818
74446
270309
10249
954743
1372913
232059
517341
1668152
2963085
1434128
18405
1488352
151567
1525539
4887566
1013462
2017038
159801
1906984
162669
85090
57569
748188
1636642
31892
470448
273516
1288828
347322
357894
675222
555532
60330
261515
573448
1365423
1661185
764544
168677
137583
2256747
556813
232707
208804
1122348
703678
699308
635299
2173711
484993
102117
4019920
4633526
54839
149212
55006
103053
134753
423457
1548585
7415032
212740
4806833
122070
1968843
1868344
399976
613312
614231
32004
70635
193901
401472
789197
806908
673400
1459552
51971
902769
360785
228001
169362
342616
5057176
575826
1040913
1000347
390455
308364
64042
1485000
1791742
141852
129196
3896613
311646
393367
217123
91096
18103
1611115
30389
1607173
319375
2180603
2556345
2291642
670485
250912
895491
712885
3565639
160896
54622
298400
181029
3464856
668525
1119866
1117367
781286
1811150
62568
256558
981217
2375852
896212
301040
962415
635729
17391
3368650
556353
789537
687283
321948
70203
1297890
173403
2834088
54111
985381
2540155
1480828
617626
275123
370715
241381
1207137
837668
2324356
723621
34077
1754032
914430
149974
969102
8234
203871
7586
28353
391803
121263
473766
5818
74446
270309
10249
954743
243372
2883
77773
1041774
470557
313
248847
719586
31170
127970
1240328
336120
769264
1242599
1925851
155375
648410
91389
150787
792281
9196
603895
1292238
724092
242242
159233
16151
838555
32520
27408
38
84968
42206
63590
749446
172488
170628
1070474
1397795
234731
176
124505
156291
43027
123699
1592955
874488
137951
222003
244208
153744
659760
153786
74949
169164
221970
137927
520639
30529052
