1280183
189936
328427
56201
8645594
1491855
1378399
2442891
688059
406661
448072
20517
1982773
1938975
674345
1560132
3112163
276203
1138836
106272
2873093
356739
528847
522225
181660
1114488
848063
655531
3834420
13624
3761856
214897
692037
352841
693278
772547
511260
84373
29076
120656
19123
231806
1543740
4022361
342708
5070434
9710426
598839
2882807
3041015
505751
2779036
219638
2315351
7747775
5506392
1574498
122732
301298
226119
4941097
877173
1305328
251035
6574793
371751
1709728
1202378
7869725
192405
286366
369075
22627391
2566083
175883
2274253
117730
488006
865339
319953
857752
2544028
127595
109229
851953
287961
2392447
3480501
389817
81114
4110080
3580773
4613202
6090264
4570753
1794748
989293
181967
756506
3483948
1601298
986009
490790
1315602
2015244
888568
3284257
341186
229932
687553
3189955
4176106
2034468
665205
5775870
5975177
1480179
99888
6538258
3266733
771275
3373027
882159
1395446
4971922
2048431
1609565
524626
6058603
2225966
3000808
551707
568006
1296839
251198
681871
4996364
1330575
60070
2328607
3428874
1233365
804216
4443876
4417215
4566709
2262569
807157
488439
4238365
4074504
3915580
700656
589338
1349882
1036564
3691696
483350
3581696
4746076
755667
1835159
3441892
1175366
502768
3126422
215048
1342691
1326191
744396
1150240
5260788
2763444
9104280
2542328
1430765
1779108
56652
2371986
853604
171985
1816077
1042282
3624016
2172743
12480
545084
1941512
6207334
237720
2466638
8620581
2461257
369613
830123
897959
1736766
4145245
1650238
440888
546243
18748974
550063
621414
1180990
1362112
846
720756
291700
92526
93739
1143871
2690575
247412
336705
7584002
284478
2335688
2411660
7512001
683072
1562317
394749
2992996
4864786
1419613
10567879
2612894
1640654
251298
711666
49412
974966
3417091
2084305
679907
260172
6824684
723332
3177397
737176
2784452
3424829
1010004
1957251
687635
595576
2975139
3148991
672169
3653819
1011703
4036449
39
1246267
1161823
89411
5373519
1146409
979427
1941905
1144521
725152
3214443
1971750
1097725
217994
338899
1413964
2351371
1416623
493950
949316
2141490
5525210
1461338
5327435
1064168
1466313
2128835
12236300
338867
2179163
700278
1082408
2260868
5764205
14230
3557309
5207164
1107080
6429676
310
1900474
434226
1162484
1278803
525077
1620589
731354
608453
1506616
1141798
378821
7256466
3800700
1886689
1266351
295357
160677
1389387
506789
2329291
1045004
2159191
258696
2744490
837452
3119650
401720
8447190
4743521
3134065
3203052
486766
3076512
1062391
5479310
431634
4865490
5862820
810430
1103127
1058163
3574557
789534
156780
1219322
822136
193459
1818480
1901993
1195156
2199030
4208194
407996
1957020
670062
1181966
2137947
2822372
490376
881074
976875
2028794
1144278
2115762
1893210
657198
3265985
6014494
5538460
59429
4330561
3451054
155652
145347
1670340
875153
1222499
2033980
506760
3995700
2640547
226306
1180218
214400
4917310
3808275
4270570
1124528
1100277
24060909
76963
6087434
352406
38315
1035119
523833
2203239
3360470
5046548
1054534
545240
3097
1445161
39599
725932
685941
3092529
170770
1675863
2709688
805329
703550
2592870
310664
218447
281291
5684639
51088
3033387
3843614
1117400
896114
544465
312258
65482
819009
247762
5197934
6467979
707539
1891542
5380749
23234
3324693
1910224
1555196
1599113
101129
1103729
2842065
1928983
947626
4665874
1952037
2867878
11229079
1512192
735620
2536726
293587
6175439
3351585
2205255
4136088
1165860
3034728
12711
2590956
382082
427257
4097970
2133434
1014461
1763606
70198
1614548
1452511
1533177
272876
381594
732678
2466083
73739
102076
419865
1074040
70701
285986
718910
117433
2023137
3267869
798027
70881
424338
1927584
85871
1004255
1928323
71026
130251
1500450
568015
6335729
1572013
286569
607734
290494
759508
219740
217564
431534
334264
158655
1105666
1771915
7663759
80214
2337038
135918
41
2441053
294
511113
11689133
614222
2720763
4107310
132395
2025505
616580
2484425
38460
2055563
602192
1084399
18110
639906
2672585
3363596
1027978
11052119
912151
7283773
1076923
921516
32135
25139
15054181
2923968
2698432
1336075
3410802
8930434
581469
247321
2461154
1508016
705125
4798042
169203
1291722
1687834
33
353494
848746
1163559
751050
174205
1562599
604
247495
874487
1386284
327252
504923
1043558
45006
251241
31841
1926747
2912082
1869117
546829
205345
559685
2162030
376919
443467
8537220
235028
359227
830227
325216
389166
2334844
1015140
25209
352777
141290
1977533
2234929
2498646
648788
2682013
1364947
3618732
596696
703041
3283947
8679763
536925
943516
5926914
968595
9042
143774
694996
282950
641720
1183933
2008233
2557889
456273
426182
215063
3804617
1028470
998413
82695
4391407
1565869
1075973
3444896
3473677
3302406
186938
5553363
329284
3369107
432610
2133836
588134
1854028
32
31931
276501
1531222
4064364
6404554
1793905
1170882
452848
5950463
179501
2230341
2542928
3580402
1037397
4125195
5636560
987163
55751
375070
814647
4206240
3920189
1025209
122974
8406379
627781
5239424
5722310
205812
12448104
244296
8527768
1498303
946919
5560532
4097069
3053805
1474784
1640463
5742186
7045958
624296
1011736
648646
5736
34438
2725490
1223630
829745
241702
130845
739550
165809
1703109
2317652
1707999
1945889
4081734
341619
2807099
150578
909741
4250563
1445045
5365875
4581406
5251712
13894683
1049233
3462236
6927622
1567069
5379105
1489339
2921695
868870
7333367
18549
109106
596194
20063
470769
436824
1862643
1533809
257947
1395070
1531658
1394083
5730736
2200554
9255921
56431
1455763
5376466
3730612
2611465
462515
1979476
5253137
7388066
35443
4595316
581077
286648
755230
1133595
559284
5879
1890528
423936
508522
5869
103018
5868
2271568
568899
537807
3824661
863054
608483
206328
3897049
1154368
3373756
2063114
752246
903293
542584
1004786
6326282
3881682
5595955
891832
1758122
2938342
1363694
2455310
3001897
79520
3042356
2221238
449188
97773
119561
93316
1484700
8169524
548569
3628238
50735
798238
1753154
3995047
1345130
7862204
5611994
3908198
343662
11288818
1892667
1209381
930576
9976869
20627
2770881
514001
5474621
2136622
5456445
427638
1380549
1208985
255
3789236
9217311
2453800
3198634
188936
180704
759012
1044253
216967
3395459
198690
42315
1531703
5048716
21145
1811682
598472
3437628
910284
128666
452930
477107
1440419
2654046
1014374
920743
9292456
2205884
2586662
326721
214821
1778601
7562660
2981677
3559271
312
3434718
229407
665981
260216
416562
3448753
1663855
8563288
335557
2337918
4675073
2119536
338682
241612
3524892
4159014
6488952
154389
897242
4906813
8417090
12254648
217663
1527195
3801732
8803059
1581567
714702
555213
1127640
2958081
934321
2069172
3410623
1367926
716824
2402953
739589
2420279
3128434
511053
4212243
1598811
2000087
1576837
9788841
3489087
5223648
3085483
22
1560437
116297
47082
436763
6375544
1362686
3915846
936990
303101
4681575
8923542
2479008
1777216
625673
126223
2162193
2542604
1448103
2876034
363248
3677814
1980215
3270271
429114
833497
484464
7583520
1430437
4313226
3250864
1382278
2236625
404561
3354386
4165080
3423028
1046280
1083968
1029022
173247
417874
427236
3597020
871174
7291850
5152354
1567944
1374260
829808
25865
11964308
4601556
1049256
860314
242794
1815711
724020
1272806
1020211
9691992
2690429
411961
369578
3829121
3826888
1649118
3017317
2045911
4852551
537094
170099
768644
2195737
887153
534634
5569400
3954514
3621457
3845115
198129
5484853
1710503
2466977
19215414
1259527
2475177
7986698
726831
2734374
4745420
1498748
3535383
6472302
900554
665286
3356965
2420991
4804059
577439
169717
771057
40147
525743
5021026
6725549
2273823
2938511
2908519
4644801
343973
427189
4250592
584747
369548
587242
4391111
3433718
6459991
918433
30721
7964674
137793
2087596
1228263
1295503
4638910
868132
4025185
10398346
711667
2577809
7801152
2267988
2625126
2895525
5972629
3267051
3125577
7046006
1557929
3946673
166378
1570848
2108873
178730
418191
1031004
1250014
410756
2274879
324857
13054006
90275
2722174
1491738
5286394
697390
1567262
9493111
138445
2747942
749233
7638871
1027526
120587
6050376
214845
2580381
68635
1167999
3943194
2868623
1402871
2817505
5658217
464282
1389640
386555
5233727
167417
2151202
153297
3506221
1999074
317157
203171
1007138
1366153
677374
2954164
757572
8923319
6075843
253853
6696060
1353151
253701
1526164
1520017
3769841
592164
2740298
565249
669309
4710676
2716406
287157
2265162
3228984
1677611
630039
167270
3003107
477642
524654
2397583
4253831
648804
6408309
1555965
1037193
6071129
2651
1662342
4481512
140956
2766600
1783388
487041
990716
5185683
1188169
8967365
332676
3976974
3846066
6373779
613458
1442141
271413
5584252
1257385
11875644
2229022
4802076
3375926
2909815
348359
13547076
1927155
958125
1860129
3073029
113303
4949284
7538619
1523588
2126439
534747
892972
482106
2278291
3011341
642148
200365
126621
592942
1686321
891695
1834650
2872964
3087344
5253130
1263356
2789421
5550284
224710
550080
1701660
1310525
2918212
218492
205766
888250
1869079
760712
17614569
275605
163566
1298195
408853
406152
1323675
485185
556871
851924
194118
201130
3242771
3546765
1295718
2130487
6109312
3820329
1842836
227864
1865296
3604293
3300856
712597
4983485
2522800
2105992
473582
11807625
2383421
4358052
1332488
1362899
489982
2189708
1067766
2442612
610341
3156
2476568
352991
38500
1034540
524383
112440
88761
33
409907
255777
740017
893746
665257
2214804
890816
665684
1855106
945639
664872
665418
1821850
626909
38388
890043
1277423
3913058
9173239
2408514
1861722
4153569
7128914
11152102
2818463
434974
5842551
2120947
490529
12236507
6197309
180219
533763
79278
2442219
932840
6210027
2060497
5924697
1376265
982228
758262
1383554
8200359
1776763
1983310
5092391
4750902
41347
2577336
1242479
12813464
3343301
2505448
3933263
7805579
3363303
255759
58477
261546
2899720
877504
1069467
1268375
235648
2263641
20458
145411
16494
18950
468375
1413154
3013731
13765
2018752
73771
1222926
1595001
837023
4701070
60480
