51585
1125436
394186
94515
4685942
22835
1365900
989891
439674
616771
192348
77434
291025
113523
2801024
236464
475606
486968
910688
378315
422032
160854
812229
352690
1819372
1694127
189123
3809
616118
301774
23228
975234
2017582
841985
197868
812411
463232
513715
161001
374517
74776
90568
268802
183413
3691286
1171340
50198
950480
675658
143183
196505
236323
147684
1097235
293817
1635344
498160
2540993
1190289
876119
27967
1192630
124450
1712899
1563462
618776
936756
121034
357229
714059
194912
63305
119630
259843
239101
257768
904861
592671
1342204
1181430
1566928
3139168
457511
484571
506823
1948602
3024247
2252453
6989708
336530
306454
1628955
1795760
264725
290553
1483711
35
591964
1081341
42536
995573
1872796
862695
1927131
1006679
868472
1039998
3700555
4460188
936419
1113748
250158
1322461
3238407
1176079
3563103
2451283
786777
27733928
1806234
2020932
683010
806514
86085
339684
7890
53813
319535
1537907
1604792
602784
387969
615789
78746
188150
319669
326500
511907
910731
2401720
1109428
2578664
1395279
751356
353986
732680
1571019
1902028
26017
310238
1554358
371631
1355198
6100337
835382
4531997
877098
953707
72569
592555
2243089
1165765
634672
8151579
219478
1344081
118124
38769
233730
1298085
176778
246385
43631
1526960
228879
551168
237770
2246089
2071708
180725
382236
668466
3944421
323877
2057291
148540
1343388
76126
112658
59218
1542788
2310057
244483
1052897
168173
83935
51112
428287
1279180
724400
67353
700616
519445
1715273
112485
31571
4118419
646006
280973
420052
1082195
415961
133559
2093440
911070
2833534
147274
782502
855344
905855
73772
50485
202831
525425
1136150
20912
1524672
3312325
1882061
299128
2462433
125335
127526
850953
486567
52883
66865
49974
1045621
3458701
1350742
1849714
24
898192
3298020
276684
302671
1354913
827950
601004
953403
247199
373153
1518122
753838
1045494
1394245
759128
680198
82400
383169
757160
198788
784234
167980
1499362
3676050
145025
1053778
1621259
453888
4890416
890285
672014
2493768
2512556
748039
707196
1255397
991895
2326633
1165290
68015
1612366
74725
1495972
420128
171763
213259
444062
843681
385412
1498009
161522
1661010
431008
1132553
4660655
130937
212743
2329282
212230
1241094
33
27
444103
1755217
4184866
14033
290021
6138050
43589
1681083
147036
1498602
1168542
14657
1151454
199421
3423131
228995
3491078
1526363
1448883
1363721
1372597
591171
238182
634658
2354314
484927
727413
1300899
490619
401002
219624
378781
1406534
566475
337715
613155
1665462
2201503
1701694
1604329
817091
2549310
1228161
3539362
407418
491482
57570
8486
1408470
1796612
43024
2418642
2026671
2642203
631317
1131305
879765
158394
27
2150156
2013283
124691
1207185
4250778
347453
1141088
110790
171474
818857
3084611
424864
232295
1460055
164311
1764219
3610038
173755
894130
127169
776391
66885
1961138
688343
5653987
37586
363989
3141185
1680678
18730
597230
541942
3546987
622925
233688
318440
51181
198933
141082
2232176
52122
2037812
347372
784829
603728
1006119
5170477
496653
2442296
517047
565947
20665
682755
198486
1591977
1273028
848837
618151
1260139
1182500
500865
2457366
2245288
2129229
697840
1965848
2026820
2157954
550993
2593606
172479
263081
2206825
481993
270680
1766469
1924717
914563
1806695
435908
598799
1044694
19952
121696
1782554
481929
297
1617261
3065756
2577682
914410
3096803
3894084
1359413
1159974
137732
100595
57890
564570
340101
24924
263706
2433174
833874
321308
69672
666493
1911158
83761
243338
616550
1583920
1194082
995963
3899503
657990
770442
1096857
604245
1729881
3110221
804535
56089
340561
38616
29
385495
91334
388160
1224189
3412734
8582
4710078
780446
643714
4175972
338207
495071
1019589
776757
56306
569442
97041
40
227895
1479661
500551
2444568
11950
89308
95776
402218
591674
384842
1456341
3326590
243928
1071279
366300
2674318
226037
336840
1348059
205497
259
588819
1205613
1099403
2117962
970419
1783595
2461995
774773
1730565
3630523
428846
936724
1312553
978177
31
1629589
419189
46316
360073
2854881
918182
2109608
23958
806953
862512
2009168
2971330
51504
287553
226849
846261
593031
3660754
766443
3682
1400354
33086
756363
3786270
85709
372303
600209
79321
836356
243715
1994977
100656
60375
381186
17387
509753
435583
551693
324862
449452
67497
95121
40125
3441177
690473
1298487
255997
1876428
2049081
36838
147588
490539
863854
230322
19669
332108
320099
223569
443483
379194
742262
340658
1419862
175829
57893
1531398
415632
874899
267042
48316
226458
258356
1168028
284386
1048219
284023
99912
77478
1007228
732516
1941724
3335974
1014724
5266064
2555277
1678347
470453
49384
2182934
1939084
1078857
1255306
218507
4591
1436679
1355402
768772
2273811
424453
729022
473246
1831548
130183
597045
1686927
1338425
1817326
2009164
946801
143389
912741
531743
202687
1172829
294330
3314077
1376931
3585555
1125680
482387
2012503
750146
1372681
1759833
1845180
289939
698755
2309214
2101148
1488428
3869003
585912
1251743
1099301
190156
610168
117460
1608425
165501
1661435
13882
424997
1974417
961874
1984467
1438108
1097853
270441
3110986
110145
153497
273670
2862613
5143416
1614841
633588
1832186
124529
146191
62365
2397950
314702
128679
1207610
983497
4509998
1655964
1300838
3916613
101071
552213
2944026
1033044
1756167
1000226
182834
1759578
259058
93532
784849
180639
67042
1202335
389683
1323705
174069
2443114
648121
346552
275008
798376
583691
124773
84833
655060
417599
270490
1315602
200688
490564
1488883
725856
1212450
183140
1187547
7897164
1219157
201648
1715877
92772
65537
861202
434344
133354
170266
230895
2437292
20332850
117002
1310678
760661
261824
19783
848919
70739
562462
1725027
305517
2299157
265048
760478
391054
458300
1548630
444648
429225
132054
328718
680995
2617320
3119297
564459
193179
365705
57728
392971
80501
5927
232526
510537
1572885
633661
6249675
687341
419384
245873
1651123
365353
889414
1028958
185811
873502
1730697
88799
94853
426460
162661
38256
2754118
28
126757
45879
807125
926439
68763
82854
19667
2115378
646621
824909
35149
1754495
998007
786406
409605
352020
3301123
426882
52667
4610360
391278
685433
954920
166636
50
242300
1416367
782184
2086189
246023
1909174
549929
87320
267834
2659188
109336
1767627
1202
1717887
1483716
550847
2613594
233722
295433
15313
402651
830528
676399
1543819
143039
106505
246046
1068166
1340713
688690
1696623
422709
802190
218069
1461601
662491
80883
766573
1145516
765996
26322
579396
1002898
362738
527931
1122182
760136
915792
53
744699
432158
75753
479599
93309
225608
763387
99088
35747
439100
741896
82164
3574006
36910
124635
772390
101660
124880
197580
416958
338272
255304
1334645
13541
546723
13531
366730
13535
483932
14991648
1439693
1585043
152826
1509918
130140
3693296
935512
67117
520244
1308130
19485
895145
1291367
1719959
1783153
1017311
187508
144770
1033585
681110
551051
719830
120437
7159
262139
130069
1170690
120210
164795
2376481
102691
620652
241147
288253
163246
2035508
766499
659521
211885
273351
2323318
1408241
1241214
808593
2227907
383482
1110953
13538
40730
386131
131828
86592
328587
745121
115139
977551
1328589
337434
58675
311116
977795
185043
1462184
592313
637691
806524
29120
71299
1122129
481978
145211
100988
606097
625809
300963
296555
219491
1486971
140704
321541
1009096
94922
759741
22127
264002
307219
916363
420761
699268
384058
6640691
955249
64198
10409
149780
101935
1601483
38690
301148
486184
627982
971696
907394
1673752
150326
294124
1256240
1353555
80421
34183
515714
26419
16809
1038850
1767
629513
798730
43261
278548
72177
426790
375040
105898
1365774
334880
5748
365985
2011814
469464
695185
310942
293930
686425
3914048
789991
2701302
129246
389492
1746837
104826
162082
396471
231856
714047
265363
639844
457051
959457
88071
576188
905962
2085388
319445
274039
290571
597437
38330
116190
211574
701927
2092016
338594
2640569
839059
198288
556368
2351524
445320
2580572
222390
3033186
2027
4375632
380479
492533
547696
11086
260335
193314
128582
120690
327347
1326121
311490
13868
406959
40805
455607
83460
1601130
223689
482975
5781133
191737
86286
142912
306881
303414
79458
341773
348677
324689
2967266
1027301
1026719
376595
1525897
1998744
829002
497959
143948
2311478
1251317
2021878
4189734
1762972
817961
1883852
1133681
172400
696931
854651
386304
1472640
1094862
601090
352646
2666915
355632
466246
421294
1190583
124129
59472
750070
724901
1120149
872100
32294
685818
816147
611066
2438531
2615793
664228
1921264
161134
390623
1698925
1100098
257473
2425264
179825
957004
44
479750
588495
177579
103391
668442
238379
244970
733297
497274
1508637
155537
181325
602315
179371
393959
208734
724409
28366
425573
769247
405793
42816
244163
182635
809213
527589
369198
110350
218407
78421
155380
156946
492101
368645
269649
695815
1632487
315937
212037
746299
1453521
420932
91269
584862
65359
1114669
379177
102067
586014
260407
124343
235130
313927
19343
8024602
857642
122904
243370
119375
404489
702577
50496
922967
868372
48565
390151
1394980
62809
800936
1674151
29443
720110
673030
90290
107958
628954
172555
1041368
257359
1186304
1473115
1034371
153831
1115267
1226676
42913
119150
181808
908959
554371
406811
184277
37946
491104
376628
60004
357285
87696
710597
13565
271459
827912
935000
267940
694430
101255
81315
340983
58644
1448739
412551
356802
2128407
2583578
1925898
475576
753483
513443
1327360
366055
504892
1272816
3984809
26
1174852
855854
500617
2553165
698700
1407731
1484833
217457
529981
361880
1200512
1126562
1830918
220777
125446
17019
75878
1359286
489847
150524
994390
1240160
62
3765255
2534176
694023
3646996
594911
455074
45919
3058082
3282481
374328
265294
1776577
3954870
283126
306
126931
187236
388221
511444
596591
20683
745453
515731
580687
231615
2580002
813821
878617
101679
59798
499536
343207
463325
1278958
311713
1332286
91555
2786253
847294
3990655
1663297
431389
564088
990973
117739
756241
724146
332303
454977
98779
928840
1244458
1922360
2917402
1119681
779246
207083
2101899
58088
688183
734999
494296
7562
583940
1729608
235953
627076
2156863
1456645
589846
326736
470323
178049
399106
3871
680129
3871
498336
1356088
453124
874277
59719
28909
620821
299756
178380
224074
33296
866765
1239959
1294995
1748200
357220
2790297
1207244
893945
1344774
3398527
48847
179240
55411
595587
354780
557688
835648
352798
2185924
3803668
280491
1554563
94254
1649708
4043428
3480153
159442
875145
4181471
511741
3132650
572642
5744489
756329
658936
1375192
1202185
1630901
1739806
1430699
873425
5869115
3231691
808106
1403939
72931
2875064
4094738
23550
568114
78607
2575030
32
279504
5297834
73515
1
547381
177764
443395
73096
291
2365946
1361270
93855
287961
251395
104321
254329
1777134
23522
3455237
583524
907910
20649
432896
990808
1815470
552053
3667093
110430
5022637
2677321
197652
1401460
1211030
899756
1897973
1701766
1535136
537768
199902
1269399
353492
2132399
246430
84475
248233
879742
293066
2359988
2332882
2752328
3296665
2090756
3161891
4236603
607173
3858
110983
98406
333585
222571
242363
3406142
1728362
121226
135167
3153452
98460
259721
290048
364705
934991
228155
163186
2640
1683964
7683
2150065
1783211
100079
987573
671526
31688
6186
49836
2955555
1443302
153769
64662
3524949
100771
329530
1620031
153588
1016156
534404
297290
627261
4907554
351724
1229768
68727
151337
179660
7604643
467784
23638
60
839082
757653
54
868621
513622
785928
481319
1339966
1525235
617524
546672
364317
56109
1590827
794488
416049
2519093
2626862
1183807
235221
1829956
1484649
2707163
896054
1798716
660379
357147
2435087
477281
944114
442405
200957
835944
103029
567437
123606
585486
696880
125896
151742
252577
242901
87010
157578
47687
146014
200488
2302209
345528
80089
262832
2472260
1066020
385124
738288
1352196
365143
129825
221603
266906
221314
204976
86298
247042
277841
1418675
1826896
1328077
183457
277048
761497
289123
738658
165355
320760
341891
278894
33260
202946
403161
432483
437506
254208
367776
652928
1002706
171222
79559
351454
1589531
43321
482059
2840626
29
466961
1316034
5076260
173278
86836
88023
907641
416577
95805
1488777
4214404
4799004
1715625
56680
2276783
3311108
3736648
18185
315286
494484
53724
209848
3624490
730532
5619645
71607
497078
1185341
813158
967094
260910
268934
6964
45997
11334
12801
501598
159065
91662
287418
43823
167715
323715
944017
1549408
512184
407499
76615
4279095
938148
702036
386470
833256
2253740
640005
608119
188940
279189
877743
393063
487731
458085
44837
5193017
225827
2731672
930684
3225785
466091
3530253
565944
29
4779457
1332459
5715456
969882
26647
4058769
109195
2660687
1779973
66037
1627822
2310227
86052
495814
3101507
2372577
3666637
2801847
166464
115852
912754
1326263
1301391
237152
3199922
2428
310060
697
140948
111112
512817
64329
1619831
8095
1632833
440794
2714198
3488
403212
1376991
1768790
1263968
650703
236882
103051
1917175
1192437
2910040
1165582
356433
2415379
908677
400967
2170056
267279
261362
938563
1654663
1395463
538699
124405
830045
2437528
1800807
29
392739
36
965832
4506643
1034274
1624833
2354711
3121793
89778
2056687
776056
1510266
6
1594766
3306167
1145825
2700741
1241494
1333123
264596
534420
1603239
218213
255775
2350818
3824100
1565771
727116
677375
611795
242247
930058
504845
1507932
138954
2239470
1006193
3256089
487246
4544134
408194
952328
5880402
2875350
639616
1505184
1538418
923098
2277333
5262204
828305
4946902
4022966
1756131
1619275
2451849
469838
232958
2431588
4544916
1926555
3170648
412184
138506
121096
1125410
1183728
2540793
1106673
520357
2207402
3293277
156551
262669
845009
1371823
1789226
732438
4237109
1028868
3783537
854147
989324
4259002
3813108
165477
794195
1878055
114931
2292577
1391674
1632341
730657
1192927
576591
1734170
890539
94033
1664868
2265588
337464
2754377
1595461
1355457
2894170
174721
803966
1641701
1608459
1283129
3311997
1439068
720177
1161749
2125133
88141
604989
1384660
163148
980663
1696193
1522004
1112994
98452
479596
2276259
874840
1040513
1156520
815765
686922
1577814
1386
1070955
1030784
3297775
1512209
1656957
1037145
26
2280483
1730247
124942
1330102
2068060
1276707
180473
1569103
899930
5020008
6914220
13493
521721
1834557
528468
995888
494363
1337577
1345300
33086
1032070
318
640035
3997528
154515
401080
3858268
200223
44801
2110622
230261
806461
1077
84040
2293736
1234889
63210
3519680
1328279
430149
1076068
6984939
912622
963079
20066
400992
1059991
21788
1820473
2501153
2265586
669738
146822
753940
3084642
80038
183145
2021908
287819
85002
49696
204153
383947
150889
123027
600217
151265
141625
106326
1347941
2226451
37430
254141
1758943
3382543
32
681688
212199
2415745
42
1347795
80
114686
694517
1018845
2402465
4129043
249516
2119420
4207228
107368
1895400
166332
1778219
261593
4589909
2185877
820200
2342873
2899655
214122
498631
1720684
4911995
2544670
70926
1927542
2425466
238148
1130886
431586
1104020
187993
992
4268386
100536
379721
307568
164916
34725
76411
798481
47732
985159
821898
840830
633620
183828
2934824
3987297
140088
409611
2215812
1802509
1725790
16389
2007060
972453
1953791
447657
650264
1349372
207518
824344
679743
682480
94257
212409
1295986
2918237
491298
700073
572027
1174595
830096
122382
454923
370297
10695
858266
227247
903109
1121414
200273
86573
185967
24210
647444
560160
270400
1864654
2834423
99469
266714
137851
1894865
558332
3946386
937528
310903
912271
908465
1137069
107842
2067273
317396
1182913
3772017
713029
80596
582597
1850405
52925
530774
627476
851836
2130325
307275
57
165928
859934
132466
271857
271983
261614
317206
246301
44013
110583
383894
1027564
36392
1885088
1040602
1636833
92889
1494684
306732
430165
798083
10365402
613742
1055004
832441
31997
5633568
877946
2692917
995639
207487
5154410
1755326
5356059
369761
1252440
556996
294576
557013
76424
886529
1058983
3016026
339086
440022
5448343
1229746
4557050
1611936
1701452
212656
41030
280041
585184
708367
100694
752733
337590
924532
98978
33083
114467
258964
710188
174722
3497307
97
239949
603807
283311
2490475
1177541
975481
1121224
214584
3352764
5245208
2643046
410582
168426
104959
50
478977
2281035
146543
1825803
207340
581917
315756
886808
176756
49168
336643
62360
243637
2879249
1719956
4029057
802440
1197667
4300305
15724
8993
2754565
1015107
177299
1502076
701890
3043730
5631005
324431
497000
17
1176146
617190
2116112
801023
25785
192741
113699
150511
51589
405877
1191333
3057622
1932130
1464070
2616580
1031729
876051
1811610
141187
1743748
448737
1039440
3971
34277
2747
211124
416402
1917651
3489373
108569
2576796
1749068
1097590
1013828
549924
459610
494339
321463
1184483
1797087
3487399
2569269
3501749
1260219
1492062
1810308
59893
65961
1213728
435475
5737606
253032
619491
29682
142188
296003
892819
507148
119773
277162
404736
1574658
307814
242334
1257927
373107
1249012
1201711
578182
109479
426326
333061
436875
484385
203012
300608
32933
174330
265856
305689
1913497
2155108
324709
47084
1396099
4560456
70384
230800
346751
2565417
941682
744135
5592
478722
1453200
3668421
453174
2033679
3352556
1594571
383725
69374
120025
808859
5267631
5063
96709
1440797
5654515
118477
1045882
1113638
873626
1078028
38
5303352
1600802
5915771
3108191
1313319
690292
1853378
42029
223738
931994
1941178
303015
2737687
987842
317267
3724873
1234796
717144
1485410
915254
725091
1036851
4548842
229170
1447458
1354742
458493
492096
197895
147796
813790
664370
384907
2738160
1412985
699872
311408
134418
342918
1011318
38057
417932
204251
349921
490030
2138340
1301061
1210042
150986
12946
3622592
703619
925474
1861496
25077
181699
3013003
245250
424920
457922
18143
207963
855760
2717610
1533322
962772
273114
1869235
328421
566302
610108
5944651
9404194
2387504
612515
3355129
3050657
2983354
2682252
2694661
1296468
156422
1666996
301427
8727
852886
3690035
379959
686231
151249
533829
1853598
26
478609
354946
937388
252896
818558
8635
951410
81282
332777
1561784
2070608
1741059
2074920
1301780
2735501
473216
2098924
480186
538451
171243
1756341
3261057
1677325
167702
464760
2440064
786306
390056
480609
179832
1691758
1577416
2128326
47666
3706958
637139
597873
3457408
910844
756657
1088383
14073
131866
21859
44
44206
49634
203984
141577
151299
406317
106314
124746
530856
619552
3029554
771311
42042
776171
1411337
3059108
998123
1506313
209781
1687701
1906728
1667748
626180
1579406
1367948
239030
922216
1068521
153726
2295364
919981
6112465
969861
1049279
3221016
17721
284595
2754437
2199168
2601153
107021
111374
18867854
2442
272738
2442
449366
397017
1807429
1725899
1722260
111393
296057
4509125
425301
1031599
1436255
16478
2041686
1599351
238552
2384222
269115
79
396967
681386
1381045
63631
2728382
531588
875125
3739438
391559
558250
953261
591469
1932032
7149
223766
365727
1007538
5800596
646900
198733
2433259
5387345
359854
1737726
207772
1956328
1642168
1573075
241578
108242
210452
285997
1403491
1939165
3800
661186
313441
708910
2065102
686280
118563
1205
211368
1263392
173657
294830
1106800
3667143
1743632
74082
275598
373380
813216
726658
1034164
392134
410303
1596558
374087
429139
851104
26337
579394
1005882
129654
1257343
1152884
80421
34183
65591
117097
78913
57662
88087
652822
88122
381018
13510
88122
729375
88122
756912
88122
731461
88122
667754
88093
640183
13560
88122
461550
13565
13565
70529
13565
13565
13565
13565
88122
234906
496895
125061
62762
1158
58250
93043
151227
198211
225207
52937
526677
620303
852113
2062803
306591
61
530825
617380
852557
2117574
307246
61
530793
580156
35956
907535
820937
905122
513001
307389
63
531005
3287114
356042
444189
53
1147701
851962
2069548
307384
67
165894
52919
530869
579714
35845
854794
1746665
481832
356698
57
165970
122285
45
667212
849883
9362
587385
3407503
2308523
2105800
3030047
2012184
274777
2192148
27
2761645
622384
2035853
549604
407289
135424
1236114
2807620
1486762
428238
1399374
193107
1006668
1012938
1834825
3307569
1555303
1310728
3309295
1482270
2188071
3593317
301736
337017
646638
10862537
1302364
542086
5220710
145056
190466
61320
1755869
129094
5120019
2065632
248235
3367061
686426
3530590
129512
53603
7709545
2867914
1219527
2582860
4568574
634493
2865533
2499806
3810014
63935
1223975
1182479
3705207
48898
1938760
32
1195570
3231474
4624919
1173207
998085
3063195
1219563
1064493
1578553
243443
7275650
137203
2925456
564579
108831
849883
9362
587385
4140513
1297972
1606574
28437
645397
1131203
420725
3364302
2403203
372716
69137
235156
155609
235176
69140
1717357
1577874
569226
184618
352433
291100
1013217
620163
343564
620188
